     njet  bjet  ht_low      ht_high  mht_bin  mht_low    mht_high            bkg       bkg_err         bkgTtw    bkgTtw_err        bkgZinv   bkgZinv_err        bkgQcd    bkgQcd_err      data  data_err_up  data_err_down
0    eq1j  eq0b   200.0   400.000000        0      200         inf  254856.062500  26604.055607  106468.924072  13735.723764  148286.030762  14166.241049  1.011181e+02  8.709173e+01  291353.0   539.771248     539.771248
1    eq1j  eq0b   400.0   600.000000        0      400         inf    7342.193848    966.182095    2046.065643    339.068951    5295.739380    619.457057  3.891000e-01  4.127270e-01    8572.0    92.585096      92.585096
2    eq1j  eq0b   600.0   900.000000        0      600         inf     680.055298    121.049535     135.832497     32.228010     544.187103     84.187240  3.570000e-02  3.067750e-02     878.0    29.631065      29.631065
3    eq1j  eq0b   900.0          inf        0      900         inf      56.934498     14.637200       7.388700      2.751705      49.545799     12.110958  1.000000e-12  9.217173e-13      57.0     7.549834       7.549834
4    eq1j  eq1b   200.0   400.000000        0      200         inf    8864.285156    956.368883    2980.197578    387.010208    5880.569885    590.853432  3.517200e+00  2.992249e+00   11072.0   105.223572     105.223572
5    eq1j  eq1b   400.0   600.000000        0      400         inf     334.577576     45.115704      87.164502     13.972971     247.395290     30.409716  1.780000e-02  1.880146e-02     406.0    20.149442      20.149442
6    eq1j  eq1b   600.0          inf        0      600         inf      41.520100      7.551247       7.202900      1.654282      34.314999      6.178184  2.200000e-03  1.910915e-03      71.0     8.426150       8.426150
7    eq2j  eq0b   200.0   400.000000        0      200         inf   29224.531250   7829.808887   12906.873413   3108.589385   16221.455566   3421.732585  9.620200e+01  8.130320e+01   34934.0   186.906394     186.906394
8    eq2j  eq0b   400.0   600.000000        0      200  400.000000    3274.273438    910.445913    1226.384644    347.554228    1968.364197    532.653750  7.952469e+01  7.474600e+01    3468.0    58.889727      58.889727
9    eq2j  eq0b   400.0   600.000000        1      400         inf    2176.893066    623.577549     644.049347    200.869073    1479.979492    420.258814  5.286411e+01  4.491927e+01    2568.0    50.675438      50.675438
10   eq2j  eq0b   600.0   900.000000        0      200  400.000000     276.672485     91.911319     102.961299     34.779250     166.991512     63.025432  6.719683e+00  5.878145e+00     226.0    15.033296      15.033296
11   eq2j  eq0b   600.0   900.000000        1      400  600.000000     268.382141     75.608887      76.048946     23.771892     185.813478     48.997735  6.519713e+00  5.673786e+00     253.0    15.905974      15.905974
12   eq2j  eq0b   600.0   900.000000        2      600         inf     284.567871     92.978472      57.184454     20.525938     220.472107     69.160993  6.911304e+00  5.634555e+00     303.0    17.406895      17.406895
13   eq2j  eq0b   900.0  1200.000000        0      200  400.000000     179.342911     54.562745      67.133066     21.665253     112.209850     35.672458  8.130696e-07  6.728894e-07     165.0    12.845233      12.845233
14   eq2j  eq0b   900.0  1200.000000        1      400  600.000000     130.910461     33.582285      37.062791     10.980456      93.847662     21.353700  5.936437e-07  4.839245e-07     125.0    11.180340      11.180340
15   eq2j  eq0b   900.0  1200.000000        2      600  900.000000      78.662025     25.244872      17.927604      6.324146      60.734421     18.974059  3.565847e-07  2.897942e-07      97.0     9.848858       9.848858
16   eq2j  eq0b   900.0  1200.000000        3      900         inf      29.319504     13.698029       4.602739      2.214824      24.716763     11.502374  1.999686e-12  1.566933e-12      25.0     5.804900       4.666400
17   eq2j  eq0b  1200.0          inf        0      200  400.000000      11.844943      5.111627       3.872048      1.690453       7.972895      4.184858  1.398893e-07  1.670902e-07       9.0     3.790500       2.665800
18   eq2j  eq0b  1200.0          inf        1      400  600.000000      33.415726     10.695409       8.626811      3.035552      24.788914      8.021859  3.946473e-07  4.713850e-07      26.0     5.811000       5.200900
19   eq2j  eq0b  1200.0          inf        2      600  900.000000      28.036396      9.296324       5.915892      2.188660      22.120504      7.312870  3.311000e-07  3.954812e-07      22.0     5.315000       4.695700
20   eq2j  eq0b  1200.0          inf        3      900         inf      20.860136      9.391788       3.460649      1.706914      17.399487      8.223884  2.463634e-07  2.942678e-07      19.0     4.824700       4.180600
21   eq2j  eq1b   200.0   400.000000        0      200         inf    3006.599365    786.692952    1693.313309    381.858752    1303.375885    278.987004  9.910000e+00  8.480834e+00    3850.0    62.048368      62.048368
22   eq2j  eq1b   400.0   600.000000        0      200  400.000000     277.423340     79.193829      95.330492     29.147249     175.354031     47.695768  6.738821e+00  6.250563e+00     327.0    18.083141      18.083141
23   eq2j  eq1b   400.0   600.000000        1      400         inf     219.277649     59.268963      80.366211     20.874660     133.569763     37.692912  5.341679e+00  4.634179e+00     240.0    15.491933      15.491933
24   eq2j  eq1b   600.0   900.000000        0      200  400.000000      26.894402      8.943858       9.276897      3.099554      16.964086      6.248883  6.534185e-01  5.583192e-01      22.0     5.315000       4.695700
25   eq2j  eq1b   600.0   900.000000        1      400  600.000000      25.533554      7.259647       7.356727      2.400611      17.559232      4.598520  6.175954e-01  5.385621e-01      39.0     6.244998       6.244998
26   eq2j  eq1b   600.0   900.000000        2      600         inf      27.132145      8.638765       6.968476      2.172890      19.504182      6.237866  6.594861e-01  5.374711e-01      31.0     5.567764       5.567764
27   eq2j  eq1b   900.0  1200.000000        0      200  400.000000      19.311907      5.803202       6.770900      2.138007      12.541007      3.860157  2.000000e-12  1.565118e-12      17.0     4.808400       4.209500
28   eq2j  eq1b   900.0  1200.000000        1      400  600.000000      14.912960      3.907343       5.188745      1.517629       9.724215      2.276755  2.000000e-12  1.566586e-12      15.0     4.324900       3.681300
29   eq2j  eq1b   900.0  1200.000000        2      600  900.000000       7.421590      2.425685       1.260451      0.449506       6.161139      1.933977  2.000000e-12  1.565882e-12      12.0     4.292000       3.170900
30   eq2j  eq1b   900.0  1200.000000        3      900         inf       3.167643      1.473223       0.541803      0.259668       2.625839      1.238204  2.000000e-12  1.565186e-12       6.0     3.278300       2.176900
31   eq2j  eq1b  1200.0          inf        0      200  400.000000       1.129397      0.490365       0.400242      0.181224       0.729155      0.382447  1.000000e-12  1.192802e-12       1.0     1.750500       0.632100
32   eq2j  eq1b  1200.0          inf        1      400  600.000000       3.401823      1.082140       1.098452      0.372996       2.303371      0.749661  1.000000e-12  1.195112e-12       6.0     3.278300       2.176900
33   eq2j  eq1b  1200.0          inf        2      600  900.000000       2.095644      0.695682       0.484262      0.183844       1.611382      0.528506  1.000000e-12  1.195392e-12       1.0     1.750500       0.632100
34   eq2j  eq1b  1200.0          inf        3      900         inf       1.961936      0.888972       0.318444      0.165803       1.643493      0.777817  1.000000e-12  1.194492e-12       4.0     2.776400       1.664100
35   eq2j  eq2b   200.0   400.000000        0      200         inf     196.081604     51.709302      87.529998     20.074657     107.912103     23.909935  6.395000e-01  5.500599e-01     254.0    15.937377      15.937377
36   eq2j  eq2b   400.0   600.000000        0      200  400.000000      13.206952      3.867310       3.019344      0.983672       9.867221      2.821084  3.203874e-01  3.021325e-01      22.0     5.315000       4.695700
37   eq2j  eq2b   400.0   600.000000        1      400         inf      15.174548      4.033870       3.803856      0.986031      11.010079      2.943624  3.606126e-01  3.148794e-01      18.0     4.816900       4.194000
38   eq2j  eq2b   600.0          inf        0      200  400.000000       1.806197      0.651675       0.588404      0.213854       1.173912      0.512079  4.388116e-02  4.291265e-02       1.0     1.750500       0.632100
39   eq2j  eq2b   600.0          inf        1      400  600.000000       1.887816      0.533694       0.467125      0.154265       1.372812      0.385771  4.787914e-02  4.685365e-02       2.0     2.250400       1.264200
40   eq2j  eq2b   600.0          inf        2      600         inf       2.329787      0.755427       0.536672      0.183933       1.736376      0.626406  5.673970e-02  5.550545e-02       2.0     2.250400       1.264200
41   eq3j  eq0b   200.0   400.000000        0      200         inf   10504.310547   2034.493903    4904.995406    953.838608    5452.843795    868.377339  1.464714e+02  1.216077e+02   11815.0   108.696826     108.696826
42   eq3j  eq0b   400.0   600.000000        0      200  400.000000    6666.887207   1296.919550    2859.054077    594.623677    3782.475769    669.271411  2.535759e+01  1.925525e+01    7120.0    84.380092      84.380092
43   eq3j  eq0b   400.0   600.000000        1      400         inf    1391.039062    320.302435     446.572525    111.632568     939.175201    221.857022  5.291308e+00  3.597337e+00    1463.0    38.249183      38.249183
44   eq3j  eq0b   600.0   900.000000        0      200  400.000000     698.526306    152.421627     276.028152     67.057032     422.498085     96.917449  1.202308e-05  1.520033e-05     668.0    25.845696      25.845696
45   eq3j  eq0b   600.0   900.000000        1      400  600.000000     581.963928    122.526375     172.604366     42.139653     409.359520     80.290440  1.001787e-05  1.242362e-05     593.0    24.351591      24.351591
46   eq3j  eq0b   600.0   900.000000        2      600         inf     231.412369     59.412662      55.186377     14.815882     176.225998     44.216466  3.983050e-06  4.540015e-06     246.0    15.684387      15.684387
47   eq3j  eq0b   900.0  1200.000000        0      200  400.000000     275.292480     56.229255     103.016832     23.212165     172.275631     38.009704  4.883708e-07  3.754709e-07     245.0    15.652476      15.652476
48   eq3j  eq0b   900.0  1200.000000        1      400  600.000000     182.343445     34.666686      50.524313     11.901450     131.819134     22.742238  3.234842e-07  2.426409e-07     164.0    12.806248      12.806248
49   eq3j  eq0b   900.0  1200.000000        2      600  900.000000     109.839798     26.828361      23.343927      6.505542      86.495869     20.941116  1.359430e-07  1.152116e-07     101.0    10.049876      10.049876
50   eq3j  eq0b   900.0  1200.000000        3      900         inf      28.202389      9.530071       5.558828      1.965903      22.643562      8.058554  2.000105e-12  1.473468e-12      19.0     4.824700       4.180600
51   eq3j  eq0b  1200.0          inf        0      200  400.000000      22.514194      6.578293       7.064362      2.295139      15.122705      5.192680  3.271275e-01  2.820111e-01      21.0     5.307900       4.708000
52   eq3j  eq0b  1200.0          inf        1      400  600.000000      54.175392     13.490714      15.904078      4.867294      37.483879      9.187941  7.874327e-01  6.808298e-01      28.0     5.822300       5.183100
53   eq3j  eq0b  1200.0          inf        2      600  900.000000      36.125881      9.968347       8.678499      2.891938      26.922415      7.434731  5.249678e-01  4.550776e-01      31.0     5.567764       5.567764
54   eq3j  eq0b  1200.0          inf        3      900         inf      21.964535      8.173042       3.285861      1.496444      18.359503      7.049277  3.191721e-01  2.759500e-01      17.0     4.808400       4.209500
55   eq3j  eq1b   200.0   400.000000        0      200         inf    2242.583496    431.873361    1576.938246    288.471449     634.330600     98.500946  3.131460e+01  2.622833e+01    2703.0    51.990384      51.990384
56   eq3j  eq1b   400.0   600.000000        0      200  400.000000    1125.797363    211.576511     649.561874    128.049424     471.946953     81.916407  4.288563e+00  3.307263e+00    1212.0    34.813790      34.813790
57   eq3j  eq1b   400.0   600.000000        1      400         inf     222.356766     46.262324     102.881210     21.449358     118.629227     27.480873  8.463370e-01  5.779007e-01     301.0    17.349352      17.349352
58   eq3j  eq1b   600.0   900.000000        0      200  400.000000      94.625496     20.058625      38.354594      9.572061      56.270907     12.553986  1.629169e-06  2.060281e-06     110.0    10.488088      10.488088
59   eq3j  eq1b   600.0   900.000000        1      400  600.000000      77.949806     15.707211      25.619723      5.738154      52.330088      9.988969  1.340225e-06  1.649819e-06      96.0     9.797959       9.797959
60   eq3j  eq1b   600.0   900.000000        2      600         inf      32.742290      8.042269       7.851585      1.822955      24.890703      6.158030  5.638069e-07  6.373771e-07      42.0     6.480741       6.480741
61   eq3j  eq1b   900.0  1200.000000        0      200  400.000000      41.185764      8.311875      18.484407      4.298570      22.701356      5.014180  2.000000e-12  1.462161e-12      39.0     6.244998       6.244998
62   eq3j  eq1b   900.0  1200.000000        1      400  600.000000      23.883574      4.466172       7.952184      1.775347      15.931389      2.739076  2.000000e-12  1.462785e-12      24.0     5.327800       4.675100
63   eq3j  eq1b   900.0  1200.000000        2      600  900.000000      15.442705      3.740234       3.099873      0.847065      12.342833      3.042453  2.000000e-12  1.464262e-12      10.0     3.806000       3.223600
64   eq3j  eq1b   900.0  1200.000000        3      900         inf       4.358659      1.584904       0.354536      0.141594       4.004123      1.521617  2.000000e-12  1.464842e-12       6.0     3.278300       2.176900
65   eq3j  eq1b  1200.0          inf        0      200  400.000000       3.353423      0.932065       1.255032      0.395335       2.049594      0.688440  4.879696e-02  4.219295e-02       3.0     2.301200       1.896400
66   eq3j  eq1b  1200.0          inf        1      400  600.000000       7.548990      1.878091       2.486441      0.745599       4.953219      1.213401  1.093300e-01  9.452115e-02       5.0     2.806400       2.249500
67   eq3j  eq1b  1200.0          inf        2      600  900.000000       5.139854      1.392227       1.195483      0.399209       3.869705      1.042960  7.466661e-02  6.457191e-02       7.0     3.300600       2.749600
68   eq3j  eq1b  1200.0          inf        3      900         inf       3.461733      1.272583       0.517744      0.224223       2.893682      1.100859  5.030646e-02  4.351674e-02       4.0     2.776400       1.664100
69   eq3j  eq2b   200.0   400.000000        0      200         inf     418.169403     83.425281     332.361298     62.126451      79.993499     12.359471  5.814600e+00  4.881974e+00     495.0    22.248595      22.248595
70   eq3j  eq2b   400.0   600.000000        0      200  400.000000     208.314270     40.616126     154.438166     31.203777      53.085405      9.376567  7.906931e-01  6.192742e-01     229.0    15.132746      15.132746
71   eq3j  eq2b   400.0   600.000000        1      400         inf      26.965042      5.462250      13.206140      2.729218      13.656596      3.175080  1.023069e-01  6.948280e-02      34.0     5.830952       5.830952
72   eq3j  eq2b   600.0   900.000000        0      200  400.000000       9.114791      1.986375       3.854785      0.985249       5.260005      1.227048  1.354242e-07  1.868283e-07      10.0     3.806000       3.223600
73   eq3j  eq2b   600.0   900.000000        1      400  600.000000       9.321969      1.845728       4.216715      0.956412       5.105254      0.987255  1.343768e-07  1.851909e-07       9.0     3.790500       2.665800
74   eq3j  eq2b   600.0   900.000000        2      600         inf       3.246341      0.794498       0.824399      0.190307       2.421941      0.611763  1.999922e-12  2.249780e-12       2.0     2.250400       1.264200
75   eq3j  eq2b   900.0  1200.000000        0      200  400.000000       3.506240      0.704306       1.653467      0.381753       1.852772      0.414452  2.000000e-12  1.463521e-12       4.0     2.776400       1.664100
76   eq3j  eq2b   900.0  1200.000000        1      400  600.000000       1.813660      0.340861       0.598344      0.132146       1.215315      0.217148  2.000000e-12  1.463231e-12       2.0     2.250400       1.264200
77   eq3j  eq2b   900.0  1200.000000        2      600  900.000000       1.262023      0.306784       0.270594      0.075953       0.991428      0.251840  2.000000e-12  1.463820e-12       2.0     2.250400       1.264200
78   eq3j  eq2b   900.0  1200.000000        3      900         inf       0.376278      0.147060       0.021894      0.009456       0.354384      0.140313  2.000000e-12  1.463454e-12       0.0     1.290400       0.000000
79   eq3j  eq2b  1200.0          inf        0      200  400.000000       0.268440      0.076010       0.090297      0.029333       0.174267      0.059249  3.875309e-03  3.349068e-03       1.0     1.750500       0.632100
80   eq3j  eq2b  1200.0          inf        1      400  600.000000       0.655308      0.163479       0.197472      0.060042       0.448138      0.111901  9.698530e-03  8.386211e-03       0.0     1.290400       0.000000
81   eq3j  eq2b  1200.0          inf        2      600  900.000000       0.442040      0.122182       0.084587      0.027847       0.351004      0.097441  6.448913e-03  5.579094e-03       0.0     1.290400       0.000000
82   eq3j  eq2b  1200.0          inf        3      900         inf       0.300612      0.111941       0.045944      0.019174       0.250291      0.097181  4.377248e-03  3.784885e-03       0.0     1.290400       0.000000
83   eq3j  eq3b   200.0   400.000000        0      200         inf      12.109401      2.589846      10.277100      2.095568       1.663500      0.276303  1.688000e-01  1.470190e-01      16.0     4.799100       3.666200
84   eq3j  eq3b   400.0   600.000000        0      200  400.000000       7.945548      1.604679       6.480740      1.350254       1.435418      0.257518  2.938994e-02  2.310180e-02      10.0     3.806000       3.223600
85   eq3j  eq3b   400.0   600.000000        1      400         inf       0.761352      0.157075       0.363260      0.083485       0.395182      0.095944  2.910056e-03  1.972250e-03       2.0     2.250400       1.264200
86   eq3j  eq3b   600.0          inf        0      200  400.000000       0.358031      0.081335       0.149670      0.039202       0.208361      0.054388  1.000000e-12  9.779708e-13       3.0     2.301200       1.896400
87   eq3j  eq3b   600.0          inf        1      400  600.000000       0.349309      0.069469       0.171163      0.040481       0.178147      0.037517  1.000000e-12  9.779708e-13       3.0     2.301200       1.896400
88   eq3j  eq3b   600.0          inf        2      600         inf       0.161060      0.043576       0.031268      0.008050       0.129792      0.038189  1.000000e-12  9.779708e-13       0.0     1.290400       0.000000
89   eq4j  eq0b   400.0   600.000000        0      200  400.000000    4749.118164    591.409063    2276.226807    329.478916    2463.680908    272.642710  9.210422e+00  8.214942e+00    4324.0    65.757129      65.757129
90   eq4j  eq0b   400.0   600.000000        1      400         inf     460.440063     95.071923     157.802334     33.117343     301.744148     73.001541  8.935783e-01  8.892252e-01     437.0    20.904545      20.904545
91   eq4j  eq0b   600.0   900.000000        0      200  400.000000     936.962646    133.364041     400.991951     70.452533     532.835754     83.268121  3.134951e+00  3.029511e+00     751.0    27.404379      27.404379
92   eq4j  eq0b   600.0   900.000000        1      400  600.000000     521.683350     90.625748     158.159256     31.369338     361.779190     64.991065  1.744901e+00  1.594004e+00     484.0    22.000000      22.000000
93   eq4j  eq0b   600.0   900.000000        2      600         inf     103.666893     25.399495      25.414407      6.164391      77.905840     20.513700  3.466471e-01  2.924289e-01     110.0    10.488088      10.488088
94   eq4j  eq0b   900.0  1200.000000        0      200  400.000000     251.168198     37.944940     103.509230     20.815361     147.658958     24.137559  8.187085e-07  6.957737e-07     186.0    13.638182      13.638182
95   eq4j  eq0b   900.0  1200.000000        1      400  600.000000     142.949738     23.723439      46.539127     10.196123      96.410603     15.232891  4.658884e-07  3.915803e-07     111.0    10.535654      10.535654
96   eq4j  eq0b   900.0  1200.000000        2      600  900.000000      71.717209     17.695294      14.152375      3.970350      57.564831     14.413582  1.546011e-07  1.437773e-07      66.0     8.124038       8.124038
97   eq4j  eq0b   900.0  1200.000000        3      900         inf      10.598586      4.171015       2.030973      0.756677       8.567613      3.546386  1.999818e-12  1.667641e-12      13.0     4.304300       3.721700
98   eq4j  eq0b  1200.0          inf        0      200  400.000000      23.840714      5.895428       9.262654      2.525051      14.578058      4.469845  1.245972e-07  1.525665e-07      13.0     4.304300       3.721700
99   eq4j  eq0b  1200.0          inf        1      400  600.000000      42.974197      8.859977      12.294338      3.178626      30.679857      6.124781  2.242762e-07  2.735993e-07      32.0     5.656854       5.656854
100  eq4j  eq0b  1200.0          inf        2      600  900.000000      26.783634      6.717218       5.335161      1.634007      21.448473      5.374041  1.399256e-07  1.706194e-07      28.0     5.822300       5.183100
101  eq4j  eq0b  1200.0          inf        3      900         inf      13.931259      5.389437       2.310047      0.968897      11.621213      4.706436  9.999810e-13  1.220819e-12      15.0     4.324900       3.681300
102  eq4j  eq1b   400.0   600.000000        0      200  400.000000    1444.403931    165.504343    1050.753815    133.536737     390.830521     42.676324  2.819519e+00  2.516031e+00    1497.0    38.691084      38.691084
103  eq4j  eq1b   400.0   600.000000        1      400         inf     109.843826     18.106824      60.517376      9.719818      49.112673     11.949602  2.137809e-01  2.104635e-01     109.0    10.440307      10.440307
104  eq4j  eq1b   600.0   900.000000        0      200  400.000000     196.594940     25.440350     104.090458     16.065394      91.847561     14.061087  6.569394e-01  6.366534e-01     184.0    13.564660      13.564660
105  eq4j  eq1b   600.0   900.000000        1      400  600.000000     100.899475     15.601321      43.261637      6.996554      57.299631     10.583297  3.382117e-01  3.105377e-01     106.0    10.295630      10.295630
106  eq4j  eq1b   600.0   900.000000        2      600         inf      17.211666      4.068699       4.832808      1.039040      12.321010      3.297521  5.784885e-02  4.873595e-02      19.0     4.824700       4.180600
107  eq4j  eq1b   900.0  1200.000000        0      200  400.000000      53.807915      7.774321      25.140426      4.644450      28.667486      4.599011  1.348980e-07  1.254536e-07      60.0     7.745967       7.745967
108  eq4j  eq1b   900.0  1200.000000        1      400  600.000000      27.694424      4.565053      10.010749      1.996408      17.683674      3.157000  2.000247e-12  1.664588e-12      19.0     4.824700       4.180600
109  eq4j  eq1b   900.0  1200.000000        2      600  900.000000      12.283701      2.984525       2.921753      0.736840       9.361948      2.407132  2.000247e-12  1.664588e-12      11.0     3.819400       3.193600
110  eq4j  eq1b   900.0  1200.000000        3      900         inf       1.836064      0.744910       0.256772      0.094010       1.579292      0.672422  2.000247e-12  1.664588e-12       1.0     1.750500       0.632100
111  eq4j  eq1b  1200.0          inf        0      200  400.000000       5.185707      1.263258       1.951967      0.531256       3.233739      0.972136  1.000000e-12  1.219084e-12       7.0     3.300600       2.749600
112  eq4j  eq1b  1200.0          inf        1      400  600.000000      10.639505      2.218101       4.304115      1.099330       6.335390      1.254015  1.000000e-12  1.221507e-12      11.0     3.819400       3.193600
113  eq4j  eq1b  1200.0          inf        2      600  900.000000       4.800444      1.190108       1.213287      0.347211       3.587157      0.904650  1.000000e-12  1.221413e-12       7.0     3.300600       2.749600
114  eq4j  eq1b  1200.0          inf        3      900         inf       2.883545      1.089983       0.417731      0.165776       2.465814      0.977536  1.000000e-12  1.221655e-12       4.0     2.776400       1.664100
115  eq4j  eq2b   400.0   600.000000        0      200  400.000000     490.048950     62.883759     426.744698     56.959223      62.356422      6.911239  9.478493e-01  8.471844e-01     524.0    22.891046      22.891046
116  eq4j  eq2b   400.0   600.000000        1      400         inf      23.980328      3.823683      15.812099      2.690343       8.121877      1.961677  4.635064e-02  4.757362e-02      29.0     5.827500       5.175300
117  eq4j  eq2b   600.0   900.000000        0      200  400.000000      39.238701      4.975999      25.390624      3.918927      13.716497      2.085942  1.315793e-01  1.288152e-01      50.0     7.071068       7.071068
118  eq4j  eq2b   600.0   900.000000        1      400  600.000000      19.895685      2.759488      11.791749      1.872954       8.037626      1.514073  6.630875e-02  6.200500e-02      19.0     4.824700       4.180600
119  eq4j  eq2b   600.0   900.000000        2      600         inf       2.411515      0.563381       0.732725      0.164650       1.670777      0.457039  8.011928e-03  6.743263e-03       1.0     1.750500       0.632100
120  eq4j  eq2b   900.0  1200.000000        0      200  400.000000       8.714804      1.279732       4.744413      0.876740       3.970391      0.653333  2.000000e-12  1.664616e-12      10.0     3.806000       3.223600
121  eq4j  eq2b   900.0  1200.000000        1      400  600.000000       4.142706      0.692498       1.794066      0.365596       2.348641      0.482905  2.000000e-12  1.662755e-12       7.0     3.300600       2.749600
122  eq4j  eq2b   900.0  1200.000000        2      600  900.000000       1.705944      0.401992       0.537146      0.143677       1.168798      0.301932  2.000000e-12  1.665911e-12       0.0     1.290400       0.000000
123  eq4j  eq2b   900.0  1200.000000        3      900         inf       0.290846      0.117807       0.048475      0.018917       0.242371      0.110148  2.000000e-12  1.664364e-12       1.0     1.750500       0.632100
124  eq4j  eq2b  1200.0          inf        0      200  400.000000       0.725340      0.176712       0.292373      0.079793       0.432968      0.133492  1.000000e-12  1.219661e-12       1.0     1.750500       0.632100
125  eq4j  eq2b  1200.0          inf        1      400  600.000000       1.549643      0.336658       0.764668      0.195255       0.784974      0.161590  1.000000e-12  1.221304e-12       0.0     1.290400       0.000000
126  eq4j  eq2b  1200.0          inf        2      600  900.000000       0.519074      0.131183       0.133458      0.037397       0.385617      0.101961  1.000000e-12  1.221250e-12       0.0     1.290400       0.000000
127  eq4j  eq2b  1200.0          inf        3      900         inf       0.382643      0.146586       0.052001      0.019439       0.330642      0.133757  1.000000e-12  1.221427e-12       1.0     1.750500       0.632100
128  eq4j  eq3b   400.0   600.000000        0      200  400.000000      36.833065      5.236849      33.340792      4.782972       3.423486      0.409678  6.878189e-02  6.153921e-02      35.0     5.916080       5.916080
129  eq4j  eq3b   400.0   600.000000        1      400         inf       1.575741      0.268731       1.080108      0.203747       0.492614      0.121767  3.018106e-03  3.197004e-03       1.0     1.750500       0.632100
130  eq4j  eq3b   600.0   900.000000        0      200  400.000000       2.454832      0.331572       1.666083      0.269917       0.780510      0.125319  8.239154e-03  8.086329e-03       6.0     3.278300       2.176900
131  eq4j  eq3b   600.0   900.000000        1      400  600.000000       1.155272      0.178158       0.664390      0.111558       0.487086      0.098576  3.796883e-03  3.569095e-03       0.0     1.290400       0.000000
132  eq4j  eq3b   600.0   900.000000        2      600         inf       0.153695      0.033170       0.051227      0.012947       0.102005      0.027972  4.639631e-04  3.906164e-04       0.0     1.290400       0.000000
133  eq4j  eq3b   900.0          inf        0      200  400.000000       0.655757      0.118941       0.390462      0.081847       0.265295      0.056776  1.000000e-12  8.772268e-13       0.0     1.290400       0.000000
134  eq4j  eq3b   900.0          inf        1      400  600.000000       0.374304      0.068831       0.189351      0.043380       0.184953      0.038694  1.000000e-12  8.772268e-13       0.0     1.290400       0.000000
135  eq4j  eq3b   900.0          inf        2      600  900.000000       0.138789      0.034618       0.035734      0.009977       0.103055      0.029390  1.000000e-12  8.772268e-13       0.0     1.290400       0.000000
136  eq4j  eq3b   900.0          inf        3      900         inf       0.030550      0.012805       0.003353      0.001404       0.027197      0.012163  1.000000e-12  8.772268e-13       0.0     1.290400       0.000000
137  eq5j  eq0b   400.0   600.000000        0      200  400.000000    1249.956665    194.973562     669.847534    120.036252     580.108978     75.065836  7.869662e-05  6.801374e-05    1132.0    33.645208      33.645208
138  eq5j  eq0b   400.0   600.000000        1      400         inf      73.971680     17.128190      25.019565      5.871121      48.952112     13.636259  4.653381e-06  4.204044e-06      59.0     7.681146       7.681146
139  eq5j  eq0b   600.0   900.000000        0      200  400.000000     561.433167     88.425216     257.713921     50.998531     303.719223     48.293943  9.110345e-06  6.594589e-06     435.0    20.856654      20.856654
140  eq5j  eq0b   600.0   900.000000        1      400  600.000000     197.524506     40.685246      66.942280     14.107455     130.582214     28.950103  3.205123e-06  2.244360e-06     201.0    14.177447      14.177447
141  eq5j  eq0b   600.0   900.000000        2      600         inf      25.897570      7.718978       6.051306      1.568486      19.846263      6.503184  4.205323e-07  3.101522e-07      17.0     4.808400       4.209500
142  eq5j  eq0b   900.0  1200.000000        0      200  400.000000     149.937866     25.044106      66.264463     14.626747      83.673395     14.921191  6.304394e-07  5.894213e-07     124.0    11.135529      11.135529
143  eq5j  eq0b   900.0  1200.000000        1      400  600.000000      68.143028     12.061843      21.906155      4.892303      46.236877      8.225470  2.863586e-07  2.566613e-07      59.0     7.681146       7.681146
144  eq5j  eq0b   900.0  1200.000000        2      600         inf      30.715908      8.606577       7.264881      2.015678      23.451027      6.974443  2.000051e-12  1.743216e-12      28.0     5.822300       5.183100
145  eq5j  eq0b  1200.0          inf        0      200  400.000000      18.111410      4.937957       7.313862      2.009383      10.797548      3.811028  1.745497e-07  1.816867e-07       7.0     3.300600       2.749600
146  eq5j  eq0b  1200.0          inf        1      400  600.000000      23.076511      5.032914       7.437326      2.079450      15.639185      3.208027  2.225438e-07  2.323965e-07      16.0     4.799100       3.666200
147  eq5j  eq0b  1200.0          inf        2      600  900.000000      13.246271      3.531389       3.255804      1.062589       9.990467      2.681152  1.278055e-07  1.334919e-07       7.0     3.300600       2.749600
148  eq5j  eq0b  1200.0          inf        3      900         inf       6.249508      2.623698       0.997908      0.435658       5.251601      2.353390  9.999934e-13  1.042847e-12       6.0     3.278300       2.176900
149  eq5j  eq1b   400.0   600.000000        0      200  400.000000     608.648621    101.207145     494.499344     83.883970     114.149227     15.284103  3.831750e-05  3.323242e-05     591.0    24.310492      24.310492
150  eq5j  eq1b   400.0   600.000000        1      400         inf      22.022831      4.414461      13.400758      2.955516       8.622071      2.436940  1.392504e-06  1.257840e-06      22.0     5.315000       4.695700
151  eq5j  eq1b   600.0   900.000000        0      200  400.000000     194.071106     30.514768     131.879158     24.279008      62.191957     10.024936  3.161328e-06  2.309548e-06     198.0    14.071247      14.071247
152  eq5j  eq1b   600.0   900.000000        1      400  600.000000      55.237106      9.867261      29.464628      5.450728      25.772477      5.740954  9.005702e-07  6.337246e-07      50.0     7.071068       7.071068
153  eq5j  eq1b   600.0   900.000000        2      600         inf       5.915679      1.542835       1.813314      0.404955       4.102365      1.304829  2.000144e-12  1.408152e-12      11.0     3.819400       3.193600
154  eq5j  eq1b   900.0  1200.000000        0      200  400.000000      40.984818      6.785765      23.308723      5.007011      17.676095      3.142129  1.289990e-07  1.377908e-07      33.0     5.744563       5.744563
155  eq5j  eq1b   900.0  1200.000000        1      400  600.000000      16.925856      2.816597       7.765077      1.651255       9.160779      1.648008  2.000106e-12  1.744924e-12      15.0     4.324900       3.681300
156  eq5j  eq1b   900.0  1200.000000        2      600         inf       6.953123      1.832991       2.239799      0.578450       4.713325      1.415084  2.000106e-12  1.746586e-12       9.0     3.790500       2.665800
157  eq5j  eq1b  1200.0          inf        0      200  400.000000       4.526434      1.173957       2.425056      0.643137       2.101378      0.769851  1.000000e-12  1.043156e-12       4.0     2.776400       1.664100
158  eq5j  eq1b  1200.0          inf        1      400  600.000000       6.088765      1.315596       2.206431      0.615147       3.882334      0.796786  1.000000e-12  1.043156e-12       3.0     2.301200       1.896400
159  eq5j  eq1b  1200.0          inf        2      600  900.000000       2.801180      0.721250       0.737923      0.211219       2.063257      0.559352  1.000000e-12  1.043156e-12       5.0     2.806400       2.249500
160  eq5j  eq1b  1200.0          inf        3      900         inf       1.639721      0.674681       0.237890      0.103091       1.401831      0.611367  1.000000e-12  1.043156e-12       2.0     2.250400       1.264200
161  eq5j  eq2b   400.0   600.000000        0      200  400.000000     273.943787     49.334431     252.361664     43.623308      21.582112      2.908679  1.723825e-05  1.497501e-05     284.0    16.852300      16.852300
162  eq5j  eq2b   400.0   600.000000        1      400         inf       4.821023      0.946757       3.521436      0.858655       1.299587      0.385393  2.477548e-07  2.391517e-07      10.0     3.806000       3.223600
163  eq5j  eq2b   600.0   900.000000        0      200  400.000000      67.476723     11.512633      56.302327     10.327321      11.174395      1.905171  1.093958e-06  8.066775e-07      63.0     7.937254       7.937254
164  eq5j  eq2b   600.0   900.000000        1      400  600.000000      16.520363      2.712867      11.773141      2.113956       4.747221      1.031852  1.886405e-07  1.476350e-07      16.0     4.799100       3.666200
165  eq5j  eq2b   600.0   900.000000        2      600         inf       1.337015      0.331077       0.458230      0.127622       0.878785      0.268949  2.000562e-12  1.409514e-12       0.0     1.290400       0.000000
166  eq5j  eq2b   900.0  1200.000000        0      200  400.000000      10.474442      1.831822       7.488980      1.583716       2.985462      0.550379  2.000000e-12  1.746538e-12       5.0     2.806400       2.249500
167  eq5j  eq2b   900.0  1200.000000        1      400  600.000000       3.517440      0.621466       2.157743      0.489429       1.359698      0.259547  2.000000e-12  1.744513e-12       5.0     2.806400       2.249500
168  eq5j  eq2b   900.0  1200.000000        2      600         inf       1.531017      0.397861       0.568978      0.145573       0.962040      0.296306  2.000000e-12  1.746697e-12       1.0     1.750500       0.632100
169  eq5j  eq2b  1200.0          inf        0      200  400.000000       0.955738      0.231384       0.625869      0.165175       0.329869      0.124429  1.000000e-12  1.042438e-12       0.0     1.290400       0.000000
170  eq5j  eq2b  1200.0          inf        1      400  600.000000       1.229689      0.269335       0.512281      0.142363       0.717408      0.153284  1.000000e-12  1.043613e-12       2.0     2.250400       1.264200
171  eq5j  eq2b  1200.0          inf        2      600  900.000000       0.445044      0.110742       0.134360      0.036700       0.310683      0.084726  1.000000e-12  1.043521e-12       1.0     1.750500       0.632100
172  eq5j  eq2b  1200.0          inf        3      900         inf       0.251829      0.109269       0.031089      0.014665       0.220740      0.100204  1.000000e-12  1.043069e-12       1.0     1.750500       0.632100
173  eq5j  eq3b   400.0   600.000000        0      200  400.000000      27.972584      5.318254      26.266066      4.700277       1.706516      0.268972  1.767098e-06  1.536562e-06      25.0     5.804900       4.666400
174  eq5j  eq3b   400.0   600.000000        1      400         inf       0.333019      0.060701       0.269134      0.064724       0.063884      0.019681  1.999966e-12  1.731726e-12       1.0     1.750500       0.632100
175  eq5j  eq3b   600.0   900.000000        0      200  400.000000       7.475805      1.301597       6.646845      1.199786       0.828960      0.159234  1.031990e-07  8.076362e-08       7.0     3.300600       2.749600
176  eq5j  eq3b   600.0   900.000000        1      400  600.000000       1.544911      0.256511       1.194391      0.216334       0.350520      0.075106  1.999922e-12  1.410012e-12       3.0     2.301200       1.896400
177  eq5j  eq3b   600.0   900.000000        2      600         inf       0.106584      0.028871       0.027764      0.011558       0.078820      0.026073  1.999922e-12  1.410188e-12       0.0     1.290400       0.000000
178  eq5j  eq3b   900.0          inf        0      200  400.000000       1.056596      0.212193       0.787135      0.181702       0.269462      0.067865  1.000000e-12  7.757936e-13       0.0     1.290400       0.000000
179  eq5j  eq3b   900.0          inf        1      400  600.000000       0.438267      0.088026       0.258748      0.071278       0.179519      0.035385  1.000000e-12  7.762364e-13       0.0     1.290400       0.000000
180  eq5j  eq3b   900.0          inf        2      600         inf       0.198237      0.053580       0.072818      0.018806       0.125419      0.044520  1.000000e-12  7.757845e-13       0.0     1.290400       0.000000
181  eq5j  ge4b   400.0          inf        0      200  400.000000       1.776418      0.373140       1.659054      0.356657       0.117364      0.029557  1.117990e-07  1.165441e-07       2.0     2.250400       1.264200
182  eq5j  ge4b   400.0          inf        1      400         inf       0.142082      0.030862       0.103946      0.027797       0.038136      0.011704  1.000191e-12  1.042643e-12       1.0     1.750500       0.632100
183  ge2a  eq0b   200.0   400.000000        0      200         inf  101411.359375  12004.098713   46503.344971   5734.893822   54039.225342   5767.180083  8.688019e+02  8.099464e+02  116868.0   341.859620     341.859620
184  ge2a  eq0b   400.0   600.000000        0      200  400.000000    2909.431641    417.236576    1347.312943    210.584696    1562.118713    249.650172  5.021042e-05  4.262138e-05    2932.0    54.147945      54.147945
185  ge2a  eq0b   400.0   600.000000        1      400         inf    2582.240234    413.088998     783.655807    155.329521    1798.584106    283.213844  4.459958e-05  3.720885e-05    2800.0    52.915026      52.915026
186  ge2a  eq0b   600.0   900.000000        0      200  400.000000      22.731991      5.067568      13.464917      3.570598       9.267074      2.765147  2.660590e-07  2.616978e-07      31.0     5.567764       5.567764
187  ge2a  eq0b   600.0   900.000000        1      400  600.000000      63.797211     11.764067      17.762835      4.187824      46.034375      8.373652  7.474927e-07  7.318786e-07      75.0     8.660254       8.660254
188  ge2a  eq0b   600.0   900.000000        2      600         inf     198.872894     38.298599      40.911849      9.794923     157.961048     26.705153  2.361048e-06  2.350904e-06     211.0    14.525839      14.525839
189  ge2a  eq0b   900.0          inf        0      200  900.000000      31.777840      9.628193       6.134347      2.250261      25.643494      8.383007  1.000000e-12  1.053818e-12      28.0     5.822300       5.183100
190  ge2a  eq0b   900.0          inf        1      900         inf      50.309559     15.394372       7.888253      2.928690      42.421307     13.198283  1.000000e-12  1.053818e-12      54.0     7.348469       7.348469
191  ge2a  eq1b   200.0   400.000000        0      200         inf   13333.642578   1386.640948    8560.481445    891.860113    4658.761932    501.716691  1.143993e+02  9.671675e+01   16307.0   127.698865     127.698865
192  ge2a  eq1b   400.0   600.000000        0      200  400.000000     969.090454    117.166089     741.860214     94.842618     227.230249     33.024673  1.680647e-05  1.406894e-05    1042.0    32.280025      32.280025
193  ge2a  eq1b   400.0   600.000000        1      400         inf     275.768555     42.041908     102.261311     16.392888     173.507248     29.047022  4.761534e-06  3.952376e-06     310.0    17.606817      17.606817
194  ge2a  eq1b   600.0   900.000000        0      200  400.000000      13.717409      2.739091      10.782946      2.507016       2.934463      0.784353  1.545701e-07  1.514749e-07       8.0     3.318700       2.698800
195  ge2a  eq1b   600.0   900.000000        1      400  600.000000      11.387604      1.834475       5.211847      0.982908       6.175756      1.036208  1.315541e-07  1.289856e-07      12.0     4.292000       3.170900
196  ge2a  eq1b   600.0   900.000000        2      600         inf      21.456886      4.015679       5.829307      1.276957      15.627581      2.698695  2.002788e-07  1.963066e-07      26.0     5.811000       5.200900
197  ge2a  eq1b   900.0          inf        0      200  900.000000       3.928667      1.139807       0.999734      0.286026       2.928933      0.979628  1.000000e-12  1.053818e-12       5.0     2.806400       2.249500
198  ge2a  eq1b   900.0          inf        1      900         inf       6.322533      1.862527       1.170066      0.375902       5.152467      1.592925  1.000000e-12  1.053818e-12       7.0     3.300600       2.749600
199  ge2a  eq2b   200.0   400.000000        0      200         inf    1856.507690    195.860512    1365.795197    146.118150     474.873299     50.960208  1.583920e+01  1.171854e+01    2200.0    46.904158      46.904158
200  ge2a  eq2b   400.0   600.000000        0      200  400.000000     373.857208     46.464419     339.398518     43.417600      34.458678      4.677182  6.437796e-06  5.371230e-06     410.0    20.248457      20.248457
201  ge2a  eq2b   400.0   600.000000        1      400         inf      23.876301      3.703802       9.696577      1.491932      14.179723      2.677269  4.134039e-07  3.488591e-07      35.0     5.916080       5.916080
202  ge2a  eq2b   600.0   900.000000        0      200  400.000000       5.887508      1.195803       5.327127      1.180169       0.560381      0.138946  2.000000e-12  2.312689e-12       4.0     2.776400       1.664100
203  ge2a  eq2b   600.0   900.000000        1      400  600.000000       2.271160      0.340803       1.506337      0.286696       0.764823      0.120763  2.000000e-12  2.312996e-12       4.0     2.776400       1.664100
204  ge2a  eq2b   600.0   900.000000        2      600         inf       1.730632      0.339522       0.468836      0.118433       1.261796      0.236317  2.000000e-12  2.312814e-12       2.0     2.250400       1.264200
205  ge2a  eq2b   900.0          inf        0      200  900.000000       0.597884      0.121785       0.376734      0.082977       0.221150      0.079126  1.000000e-12  1.056544e-12       1.0     1.750500       0.632100
206  ge2a  eq2b   900.0          inf        1      900         inf       0.449116      0.130253       0.130366      0.037547       0.318750      0.108267  1.000000e-12  1.051190e-12       0.0     1.290400       0.000000
207  ge2a  eq3b   200.0   400.000000        0      200         inf      70.731400      8.692608      62.613500      7.406265       7.519500      0.973790  5.984000e-01  4.063080e-01      92.0     9.591663       9.591663
208  ge2a  eq3b   400.0   600.000000        0      200  400.000000      34.434994      4.909715      32.449276      4.628219       1.985718      0.268984  4.886000e-07  4.212482e-07      38.0     6.164414       6.164414
209  ge2a  eq3b   400.0   600.000000        1      400         inf       0.632507      0.102019       0.381825      0.063624       0.250682      0.063551  1.999955e-12  1.744048e-12       2.0     2.250400       1.264200
210  ge2a  eq3b   600.0          inf        0      200  400.000000       0.878752      0.206592       0.808608      0.199838       0.070144      0.016805  1.000000e-12  9.886106e-13       1.0     1.750500       0.632100
211  ge2a  eq3b   600.0          inf        1      400  600.000000       0.156355      0.029921       0.121106      0.025424       0.035249      0.007460  1.000000e-12  9.886106e-13       0.0     1.290400       0.000000
212  ge2a  eq3b   600.0          inf        2      600         inf       0.090193      0.018406       0.044486      0.010686       0.045707      0.012905  1.000000e-12  9.886106e-13       0.0     1.290400       0.000000
213  ge6j  eq0b   400.0   600.000000        0      200         inf     193.657913     36.350606     115.594902     23.524264      78.062801     13.733503  2.018100e-04  1.888358e-04     164.0    12.806248      12.806248
214  ge6j  eq0b   600.0   900.000000        0      200  400.000000     278.001892     58.643409     140.444023     28.383686     125.806217     36.615718  1.175166e+01  9.886030e+00     210.0    14.491377      14.491377
215  ge6j  eq0b   600.0   900.000000        1      400         inf      68.082397     36.734238      25.579775      6.089167      39.625679     31.006705  2.876940e+00  2.446631e+00      56.0     7.483315       7.483315
216  ge6j  eq0b   900.0  1200.000000        0      200  400.000000      94.427719     31.097399      46.452868     10.411219      47.816483     23.970886  1.583708e-01  1.348724e-01      64.0     8.000000       8.000000
217  ge6j  eq0b   900.0  1200.000000        1      400  600.000000      34.223572     15.329087      11.618522      2.859533      22.547524     13.268817  5.752682e-02  4.914817e-02      32.0     5.656854       5.656854
218  ge6j  eq0b   900.0  1200.000000        2      600         inf      11.971005     10.194673       2.622611      0.888027       9.328292      8.755471  2.010234e-02  1.754689e-02       9.0     3.790500       2.665800
219  ge6j  eq0b  1200.0          inf        0      200  400.000000      18.260489      9.913395       8.699636      2.619058       9.469286      8.922496  9.156679e-02  8.476676e-02      12.0     4.292000       3.170900
220  ge6j  eq0b  1200.0          inf        1      400  600.000000      16.812401      4.052620       5.444479      1.697651      11.283587      2.773238  8.433595e-02  7.802986e-02       9.0     3.790500       2.665800
221  ge6j  eq0b  1200.0          inf        2      600  900.000000       8.591109      5.050465       1.701665      0.616474       6.846345      4.877139  4.309892e-02  3.984195e-02      11.0     3.819400       3.193600
222  ge6j  eq0b  1200.0          inf        3      900         inf       2.771100      3.073917       0.485520      0.233555       2.271682      3.015491  1.389835e-02  1.285667e-02       5.0     2.806400       2.249500
223  ge6j  eq1b   400.0   600.000000        0      200         inf     135.535233     30.071116     116.115501     26.473057      19.419600      2.996914  1.401000e-04  1.318063e-04     121.0    11.000000      11.000000
224  ge6j  eq1b   600.0   900.000000        0      200  400.000000     154.280441     33.302263     117.460964     26.866340      30.249981      8.946315  6.569502e+00  5.572188e+00     148.0    12.165525      12.165525
225  ge6j  eq1b   600.0   900.000000        1      400         inf      25.337248      9.429161      14.738332      3.593007       9.514918      7.428124  1.083998e+00  9.148416e-01      26.0     5.811000       5.200900
226  ge6j  eq1b   900.0  1200.000000        0      200  400.000000      41.681591     11.477845      29.396147      7.441015      12.214949      6.096481  7.049453e-02  6.007402e-02      42.0     6.480741       6.480741
227  ge6j  eq1b   900.0  1200.000000        1      400  600.000000      12.140152      4.113597       6.417654      1.753272       5.702128      3.415099  2.036951e-02  1.737733e-02      11.0     3.819400       3.193600
228  ge6j  eq1b   900.0  1200.000000        2      600         inf       3.348958      2.465307       1.012200      0.321591       2.331122      2.127161  5.635963e-03  4.907792e-03       1.0     1.750500       0.632100
229  ge6j  eq1b  1200.0          inf        0      200  400.000000       7.424611      3.374138       4.727618      1.668106       2.659439      2.526669  3.755476e-02  3.475680e-02       6.0     3.278300       2.176900
230  ge6j  eq1b  1200.0          inf        1      400  600.000000       5.931293      1.450744       2.769946      0.860448       3.131367      0.787097  2.997963e-02  2.772432e-02       5.0     2.806400       2.249500
231  ge6j  eq1b  1200.0          inf        2      600  900.000000       2.612388      1.425538       0.730353      0.263933       1.868822      1.349912  1.321373e-02  1.223218e-02       5.0     2.806400       2.249500
232  ge6j  eq1b  1200.0          inf        3      900         inf       0.837908      0.873927       0.193384      0.089849       0.640273      0.851349  4.251890e-03  3.934622e-03       0.0     1.290400       0.000000
233  ge6j  eq2b   400.0   600.000000        0      200         inf      69.487267     16.731379      64.561400     15.328491       4.925800      0.760200  7.237000e-05  6.827872e-05      58.0     7.615773       7.615773
234  ge6j  eq2b   600.0   900.000000        0      200  400.000000      74.428459     17.111171      63.747049     15.086771       7.530458      2.053939  3.150954e+00  2.686893e+00      85.0     9.219544       9.219544
235  ge6j  eq2b   600.0   900.000000        1      400         inf       8.487640      2.557549       6.147453      1.676482       1.982542      1.583586  3.576457e-01  3.012647e-01       8.0     3.318700       2.698800
236  ge6j  eq2b   900.0  1200.000000        0      200  400.000000      17.914288      4.937858      15.124499      4.119079       2.759762      1.323583  3.002796e-02  2.565881e-02      11.0     3.819400       3.193600
237  ge6j  eq2b   900.0  1200.000000        1      400  600.000000       4.218277      1.170082       3.028384      0.889526       1.182831      0.719099  7.062849e-03  6.022478e-03       3.0     2.301200       1.896400
238  ge6j  eq2b   900.0  1200.000000        2      600         inf       0.834733      0.532196       0.346917      0.112335       0.486408      0.457615  1.409188e-03  1.209961e-03       0.0     1.290400       0.000000
239  ge6j  eq2b  1200.0          inf        0      200  400.000000       2.509093      1.021211       2.034011      0.789099       0.462490      0.472573  1.259171e-02  1.165205e-02       0.0     1.290400       0.000000
240  ge6j  eq2b  1200.0          inf        1      400  600.000000       1.645531      0.444197       1.031919      0.344952       0.605348      0.150180  8.264298e-03  7.643698e-03       0.0     1.290400       0.000000
241  ge6j  eq2b  1200.0          inf        2      600  900.000000       0.618039      0.317244       0.213753      0.080616       0.401189      0.292302  3.096805e-03  2.866828e-03       2.0     2.250400       1.264200
242  ge6j  eq2b  1200.0          inf        3      900         inf       0.192437      0.174512       0.067217      0.030883       0.124273      0.166714  9.471927e-04  8.765425e-04       0.0     1.290400       0.000000
243  ge6j  eq3b   400.0   600.000000        0      200         inf       8.908909      2.329293       8.321500      2.193587       0.587400      0.096994  9.435000e-06  8.973985e-06      14.0     4.315200       3.699400
244  ge6j  eq3b   600.0   900.000000        0      200  400.000000      11.087637      2.671173       9.791220      2.401527       0.835713      0.233005  4.607043e-01  3.918016e-01      20.0     5.300300       4.169000
245  ge6j  eq3b   600.0   900.000000        1      400         inf       1.132163      0.346340       0.891980      0.278291       0.194188      0.156159  4.599570e-02  3.863352e-02       3.0     2.301200       1.896400
246  ge6j  eq3b   900.0  1200.000000        0      200  400.000000       2.980595      0.869278       2.655097      0.760852       0.320570      0.157168  4.927663e-03  4.212440e-03       4.0     2.776400       1.664100
247  ge6j  eq3b   900.0  1200.000000        1      400  600.000000       0.613356      0.184492       0.470065      0.159508       0.142233      0.088820  1.058242e-03  9.042950e-04       0.0     1.290400       0.000000
248  ge6j  eq3b   900.0  1200.000000        2      600         inf       0.130249      0.063712       0.076737      0.027502       0.053297      0.050180  2.140954e-04  1.825514e-04       0.0     1.290400       0.000000
249  ge6j  eq3b  1200.0          inf        0      200  400.000000       0.398526      0.164178       0.355408      0.144101       0.041163      0.047909  1.955434e-03  1.809383e-03       1.0     1.750500       0.632100
250  ge6j  eq3b  1200.0          inf        1      400  600.000000       0.248091      0.077614       0.185606      0.066432       0.061277      0.016912  1.207655e-03  1.117414e-03       0.0     1.290400       0.000000
251  ge6j  eq3b  1200.0          inf        2      600  900.000000       0.085507      0.038463       0.037692      0.014796       0.047399      0.033390  4.148243e-04  3.837142e-04       1.0     1.750500       0.632100
252  ge6j  eq3b  1200.0          inf        3      900         inf       0.023877      0.021558       0.008394      0.003622       0.015361      0.020812  1.220866e-04  1.129617e-04       0.0     1.290400       0.000000
253  ge6j  ge4b   400.0   600.000000        0      200         inf       2.457603      0.701825       2.272800      0.689665       0.184800      0.030615  2.537000e-06  2.667297e-06       4.0     2.776400       1.664100