     njet  bjet  ht_low      ht_high mht_low mht_high           bkg       bkg_err        bkgTtw    bkgTtw_err       bkgZinv   bkgZinv_err        bkgQcd    bkgQcd_err      data  data_err_up  data_err_down
60   eq1j  eq0b   200.0   400.000000     200      400  2.913779e+05  9.750307e+02  1.235220e+05  5.990786e+03  1.677548e+05  7.005530e+03  1.010424e+02  9.618030e+01  291353.0   539.771248     539.771248
61   eq1j  eq0b   200.0   400.000000     400      600  2.913779e-04  9.720439e-07  1.235220e-04  5.990786e-06  1.677548e-04  7.005529e-06  1.010424e-07  1.161558e-07       0.0     1.290400       0.000000
62   eq1j  eq0b   200.0   400.000000     600      900  2.913779e-04  9.720439e-07  1.235220e-04  5.990786e-06  1.677548e-04  7.005529e-06  1.010424e-07  1.161558e-07       0.0     1.290400       0.000000
63   eq1j  eq0b   200.0   400.000000     900      Inf  2.913779e-04  9.720439e-07  1.235220e-04  5.990786e-06  1.677548e-04  7.005529e-06  1.010424e-07  1.161558e-07       0.0     1.290400       0.000000
112  eq1j  eq0b   400.0   600.000000     200      400  8.542825e+03  8.797012e+01  2.313879e+03  1.325398e+02  6.228557e+03  2.748635e+02  3.892330e-01  2.973152e-01    8572.0    92.585096      92.585096
113  eq1j  eq0b   400.0   600.000000     400      600  8.542826e-06  8.796770e-08  2.313879e-06  1.325399e-07  6.228557e-06  2.748635e-07  3.892330e-10  2.967962e-10       0.0     1.290400       0.000000
114  eq1j  eq0b   400.0   600.000000     600      900  8.542826e-06  8.796770e-08  2.313879e-06  1.325399e-07  6.228557e-06  2.748635e-07  3.892330e-10  2.967962e-10       0.0     1.290400       0.000000
115  eq1j  eq0b   400.0   600.000000     900      Inf  8.542826e-06  8.796770e-08  2.313879e-06  1.325399e-07  6.228557e-06  2.748635e-07  3.892330e-10  2.967962e-10       0.0     1.290400       0.000000
220  eq1j  eq0b   600.0   900.000000     200      400  8.784914e+02  3.063925e+01  2.012296e+02  1.614483e+01  6.772262e+02  5.879234e+01  3.569959e-02  2.833286e-02     878.0    29.631065      29.631065
221  eq1j  eq0b   600.0   900.000000     400      600  8.784914e-07  3.063927e-08  2.012296e-07  1.614483e-08  6.772261e-07  5.879234e-08  3.569959e-11  2.835069e-11       0.0     1.290400       0.000000
222  eq1j  eq0b   600.0   900.000000     600      900  8.784914e-07  3.063927e-08  2.012296e-07  1.614483e-08  6.772261e-07  5.879234e-08  3.569959e-11  2.835069e-11       0.0     1.290400       0.000000
223  eq1j  eq0b   600.0   900.000000     900      Inf  8.784914e-07  3.063927e-08  2.012296e-07  1.614483e-08  6.772261e-07  5.879234e-08  3.569959e-11  2.835069e-11       0.0     1.290400       0.000000
380  eq1j  eq0b   900.0          inf     200      400  5.903530e+01  7.042163e+00  7.925499e+00  1.619397e+00  5.110980e+01  6.885916e+00  1.000000e-12  9.909941e-13      57.0     7.549834       7.549834
381  eq1j  eq0b   900.0          inf     400      600  5.903529e-08  7.042164e-09  7.925498e-09  1.619397e-09  5.110979e-08  6.885913e-09  1.000000e-21  0.000000e+00       0.0     1.290400       0.000000
382  eq1j  eq0b   900.0          inf     600      900  5.903529e-08  7.042164e-09  7.925498e-09  1.619397e-09  5.110979e-08  6.885913e-09  1.000000e-21  0.000000e+00       0.0     1.290400       0.000000
383  eq1j  eq0b   900.0          inf     900      Inf  5.903529e-08  7.042164e-09  7.925498e-09  1.619397e-09  5.110979e-08  6.885913e-09  1.000000e-21  0.000000e+00       0.0     1.290400       0.000000
76   eq1j  eq1b   200.0   400.000000     200      400  1.105337e+04  1.070498e+02  4.082621e+03  2.325568e+02  6.967237e+03  4.084175e+02  3.514668e+00  3.302718e+00   11072.0   105.223572     105.223572
77   eq1j  eq1b   200.0   400.000000     400      600  1.105337e-05  1.070578e-07  4.082621e-06  2.325568e-07  6.967236e-06  4.084176e-07  3.514668e-09  3.301353e-09       0.0     1.290400       0.000000
78   eq1j  eq1b   200.0   400.000000     600      900  1.105337e-05  1.070578e-07  4.082621e-06  2.325568e-07  6.967236e-06  4.084176e-07  3.514668e-09  3.301353e-09       0.0     1.290400       0.000000
79   eq1j  eq1b   200.0   400.000000     900      Inf  1.105337e-05  1.070578e-07  4.082621e-06  2.325568e-07  6.967236e-06  4.084176e-07  3.514668e-09  3.301353e-09       0.0     1.290400       0.000000
140  eq1j  eq1b   400.0   600.000000     200      400  4.128026e+02  1.911119e+01  1.130174e+02  1.018325e+01  2.997674e+02  4.649511e+01  1.780604e-02  1.358439e-02     406.0    20.149442      20.149442
141  eq1j  eq1b   400.0   600.000000     400      600  4.128026e-07  1.911117e-08  1.130174e-07  1.018325e-08  2.997674e-07  4.649511e-08  1.780603e-11  1.361238e-11       0.0     1.290400       0.000000
142  eq1j  eq1b   400.0   600.000000     600      900  4.128026e-07  1.911117e-08  1.130174e-07  1.018325e-08  2.997674e-07  4.649511e-08  1.780603e-11  1.361238e-11       0.0     1.290400       0.000000
143  eq1j  eq1b   400.0   600.000000     900      Inf  4.128026e-07  1.911117e-08  1.130174e-07  1.018325e-08  2.997674e-07  4.649511e-08  1.780603e-11  1.361238e-11       0.0     1.290400       0.000000
304  eq1j  eq1b   600.0          inf     200      400  7.218361e+01  8.390052e+00  1.156043e+01  2.263219e+00  6.062126e+01  1.802917e+01  1.919278e-03  1.522397e-03      71.0     8.426150       8.426150
305  eq1j  eq1b   600.0          inf     400      600  7.218362e-08  8.390053e-09  1.156043e-08  2.263219e-09  6.062126e-08  1.802917e-08  1.919278e-12  1.522270e-12       0.0     1.290400       0.000000
306  eq1j  eq1b   600.0          inf     600      900  7.218362e-08  8.390053e-09  1.156043e-08  2.263219e-09  6.062126e-08  1.802917e-08  1.919278e-12  1.522270e-12       0.0     1.290400       0.000000
307  eq1j  eq1b   600.0          inf     900      Inf  7.218362e-08  8.390053e-09  1.156043e-08  2.263219e-09  6.062126e-08  1.802917e-08  1.919278e-12  1.522270e-12       0.0     1.290400       0.000000
64   eq2j  eq0b   200.0   400.000000     200      400  3.488532e+04  2.088839e+02  1.479993e+04  8.916808e+02  1.998888e+04  1.132320e+03  9.650696e+01  8.099721e+01   34934.0   186.906394     186.906394
65   eq2j  eq0b   200.0   400.000000     400      600  3.488532e-05  2.086373e-07  1.479993e-05  8.916807e-07  1.998888e-05  1.132320e-06  9.650696e-08  8.232421e-08       0.0     1.290400       0.000000
66   eq2j  eq0b   200.0   400.000000     600      900  3.488532e-05  2.086373e-07  1.479993e-05  8.916807e-07  1.998888e-05  1.132320e-06  9.650696e-08  8.232421e-08       0.0     1.290400       0.000000
67   eq2j  eq0b   200.0   400.000000     900      Inf  3.488532e-05  2.086373e-07  1.479993e-05  8.916807e-07  1.998888e-05  1.132320e-06  9.650696e-08  8.232421e-08       0.0     1.290400       0.000000
116  eq2j  eq0b   400.0   600.000000     200      400  3.451267e+03  1.221921e+02  1.192149e+03  1.091963e+02  2.106792e+03  1.580800e+02  1.523267e+02  1.730113e+02    3468.0    58.889727      58.889727
117  eq2j  eq0b   400.0   600.000000     400      600  2.522493e+03  8.252612e+01  7.283445e+02  9.595610e+01  1.694893e+03  1.394889e+02  9.925602e+01  1.141031e+02    2568.0    50.675438      50.675438
118  eq2j  eq0b   400.0   600.000000     600      900  5.979651e-06  1.997207e-07  1.920493e-06  1.162616e-07  3.801684e-06  2.119594e-07  2.574740e-07  2.968724e-07       0.0     1.290400       0.000000
119  eq2j  eq0b   400.0   600.000000     900      Inf  5.979651e-06  1.997207e-07  1.920493e-06  1.162616e-07  3.801684e-06  2.119594e-07  2.574740e-07  2.968724e-07       0.0     1.290400       0.000000
224  eq2j  eq0b   600.0   900.000000     200      400  2.378435e+02  1.114654e+01  9.311133e+01  1.370542e+01  1.397287e+02  1.821702e+01  5.003481e+00  4.159082e+00     226.0    15.033296      15.033296
225  eq2j  eq0b   600.0   900.000000     400      600  2.710860e+02  8.569171e+00  7.497349e+01  7.600069e+00  1.912469e+02  1.102692e+01  4.865599e+00  4.043166e+00     253.0    15.905974      15.905974
226  eq2j  eq0b   600.0   900.000000     600      900  3.192959e+02  1.282754e+01  6.141321e+01  9.851759e+00  2.525552e+02  2.056816e+01  5.327447e+00  4.626950e+00     303.0    17.406895      17.406895
227  eq2j  eq0b   600.0   900.000000     900      Inf  8.282253e-07  2.475384e-08  2.294980e-07  1.799654e-08  5.835307e-07  3.318746e-08  1.519657e-08  1.276931e-08       0.0     1.290400       0.000000
320  eq2j  eq0b   900.0  1200.000000     200      400  1.646937e+02  9.789360e+00  5.970988e+01  9.201477e+00  1.049838e+02  1.580905e+01  8.130040e-07  6.609417e-07     165.0    12.845233      12.845233
321  eq2j  eq0b   900.0  1200.000000     400      600  1.273832e+02  6.168389e+00  3.449670e+01  5.133660e+00  9.288647e+01  1.036132e+01  5.935104e-07  4.749429e-07     125.0    11.180340      11.180340
322  eq2j  eq0b   900.0  1200.000000     600      900  8.434570e+01  4.807981e+00  1.809667e+01  3.571636e+00  6.624904e+01  8.146260e+00  3.567837e-07  2.856238e-07      97.0     9.848858       9.848858
323  eq2j  eq0b   900.0  1200.000000     900      Inf  3.323419e+01  2.863586e+00  5.010351e+00  1.396178e+00  2.822384e+01  4.725867e+00  1.999226e-12  1.581958e-12      25.0     5.804900       4.666400
0    eq2j  eq0b  1200.0          inf     200      400  7.449493e+00  9.974340e-01  2.475986e+00  6.673335e-01  4.973507e+00  1.159235e+00  1.398893e-07  1.564721e-07       9.0     3.790500       2.665800
1    eq2j  eq0b  1200.0          inf     400      600  2.339403e+01  2.491353e+00  5.808851e+00  8.459777e-01  1.758517e+01  2.553001e+00  3.946473e-07  4.414300e-07      26.0     5.811000       5.200900
2    eq2j  eq0b  1200.0          inf     600      900  2.215390e+01  2.202968e+00  4.381919e+00  7.253477e-01  1.777198e+01  2.165433e+00  3.311001e-07  3.703496e-07      22.0     5.315000       4.695700
3    eq2j  eq0b  1200.0          inf     900      Inf  1.905615e+01  2.426336e+00  2.820021e+00  6.960578e-01  1.623613e+01  2.431413e+00  2.463634e-07  2.755680e-07      19.0     4.824700       4.180600
80   eq2j  eq1b   200.0   400.000000     200      400  3.895863e+03  5.957054e+01  2.193291e+03  1.406807e+02  1.692631e+03  1.853867e+02  9.941030e+00  8.413647e+00    3850.0    62.048368      62.048368
81   eq2j  eq1b   200.0   400.000000     400      600  3.895863e-06  5.955731e-08  2.193291e-06  1.406807e-07  1.692631e-06  1.853867e-07  9.941029e-09  8.434652e-09       0.0     1.290400       0.000000
82   eq2j  eq1b   200.0   400.000000     600      900  3.895863e-06  5.955731e-08  2.193291e-06  1.406807e-07  1.692631e-06  1.853867e-07  9.941029e-09  8.434652e-09       0.0     1.290400       0.000000
83   eq2j  eq1b   200.0   400.000000     900      Inf  3.895863e-06  5.955731e-08  2.193291e-06  1.406807e-07  1.692631e-06  1.853867e-07  9.941029e-09  8.434652e-09       0.0     1.290400       0.000000
144  eq2j  eq1b   400.0   600.000000     200      400  3.240511e+02  1.638791e+01  1.109677e+02  1.258832e+01  1.997598e+02  2.164823e+01  1.332364e+01  1.542327e+01     327.0    18.083141      18.083141
145  eq2j  eq1b   400.0   600.000000     400      600  2.686250e+02  1.085682e+01  1.007298e+02  1.143635e+01  1.581866e+02  1.855847e+01  9.708572e+00  1.080247e+01     240.0    15.491933      15.491933
146  eq2j  eq1b   400.0   600.000000     600      900  5.926785e-07  2.434666e-08  2.116975e-07  1.482918e-08  3.579464e-07  3.492818e-08  2.303468e-08  2.607029e-08       0.0     1.290400       0.000000
147  eq2j  eq1b   400.0   600.000000     900      Inf  5.926785e-07  2.434666e-08  2.116975e-07  1.482918e-08  3.579464e-07  3.492818e-08  2.303468e-08  2.607029e-08       0.0     1.290400       0.000000
248  eq2j  eq1b   600.0   900.000000     200      400  2.795957e+01  2.295318e+00  1.028791e+01  1.766805e+00  1.717976e+01  3.252913e+00  4.918871e-01  4.124117e-01      22.0     5.315000       4.695700
249  eq2j  eq1b   600.0   900.000000     400      600  3.112211e+01  2.609744e+00  9.119307e+00  1.075455e+00  2.154219e+01  3.091689e+00  4.606119e-01  3.831690e-01      39.0     6.244998       6.244998
250  eq2j  eq1b   600.0   900.000000     600      900  3.646948e+01  2.969930e+00  9.028870e+00  1.481736e+00  2.693264e+01  4.345742e+00  5.079771e-01  4.397189e-01      31.0     5.567764       5.567764
251  eq2j  eq1b   600.0   900.000000     900      Inf  9.555114e-08  7.312459e-09  2.843609e-08  2.812846e-09  6.565459e-08  9.637810e-09  1.460471e-09  1.231280e-09       0.0     1.290400       0.000000
340  eq2j  eq1b   900.0  1200.000000     200      400  2.105370e+01  2.463901e+00  6.293201e+00  1.401957e+00  1.476050e+01  4.332000e+00  1.999976e-12  1.583926e-12      17.0     4.808400       4.209500
341  eq2j  eq1b   900.0  1200.000000     400      600  1.757342e+01  2.052376e+00  5.134966e+00  1.088113e+00  1.243845e+01  3.405317e+00  1.999936e-12  1.581773e-12      15.0     4.324900       3.681300
342  eq2j  eq1b   900.0  1200.000000     600      900  1.022045e+01  1.499207e+00  1.348453e+00  3.421734e-01  8.872001e+00  2.619194e+00  2.000157e-12  1.583663e-12      12.0     4.292000       3.170900
343  eq2j  eq1b   900.0  1200.000000     900      Inf  4.669676e+00  8.095194e-01  6.398249e-01  2.080476e-01  4.029851e+00  1.358403e+00  1.999931e-12  1.583756e-12       6.0     3.278300       2.176900
20   eq2j  eq1b  1200.0          inf     200      400  1.053961e+00  2.562349e-01  3.838539e-01  1.119744e-01  6.701067e-01  2.775766e-01  1.000015e-12  1.118344e-12       1.0     1.750500       0.632100
21   eq2j  eq1b  1200.0          inf     400      600  3.592626e+00  8.522557e-01  1.039655e+00  1.996831e-01  2.552971e+00  8.538836e-01  1.000025e-12  1.117900e-12       6.0     3.278300       2.176900
22   eq2j  eq1b  1200.0          inf     600      900  2.521549e+00  6.600552e-01  5.177256e-01  1.072725e-01  2.003823e+00  6.559646e-01  9.999741e-13  1.118581e-12       1.0     1.750500       0.632100
23   eq2j  eq1b  1200.0          inf     900      Inf  2.737341e+00  8.006480e-01  3.836077e-01  1.070671e-01  2.353734e+00  7.971258e-01  9.999866e-13  1.119368e-12       4.0     2.776400       1.664100
92   eq2j  eq2b   200.0   400.000000     200      400  2.506382e+02  9.171370e+00  1.046009e+02  1.478101e+01  1.453958e+02  1.748848e+01  6.414803e-01  5.445330e-01     254.0    15.937377      15.937377
93   eq2j  eq2b   200.0   400.000000     400      600  2.506382e-07  9.170308e-09  1.046009e-07  1.478101e-08  1.453958e-07  1.748848e-08  6.414803e-10  5.451619e-10       0.0     1.290400       0.000000
94   eq2j  eq2b   200.0   400.000000     600      900  2.506382e-07  9.170308e-09  1.046009e-07  1.478101e-08  1.453958e-07  1.748848e-08  6.414803e-10  5.451619e-10       0.0     1.290400       0.000000
95   eq2j  eq2b   200.0   400.000000     900      Inf  2.506382e-07  9.170308e-09  1.046009e-07  1.478101e-08  1.453958e-07  1.748848e-08  6.414803e-10  5.451619e-10       0.0     1.290400       0.000000
168  eq2j  eq2b   400.0   600.000000     200      400  1.507825e+01  1.058549e+00  3.113138e+00  6.302754e-01  1.132045e+01  1.318021e+00  6.446569e-01  7.520824e-01      22.0     5.315000       4.695700
169  eq2j  eq2b   400.0   600.000000     400      600  1.845120e+01  1.157818e+00  4.328198e+00  7.690052e-01  1.346094e+01  1.581052e+00  6.620606e-01  7.404662e-01      18.0     4.816900       4.194000
170  eq2j  eq2b   400.0   600.000000     600      900  3.352945e-08  2.023225e-09  7.441336e-09  1.201180e-09  2.478139e-08  2.513723e-09  1.306716e-09  1.489726e-09       0.0     1.290400       0.000000
171  eq2j  eq2b   400.0   600.000000     900      Inf  3.352945e-08  2.023225e-09  7.441336e-09  1.201180e-09  2.478139e-08  2.513723e-09  1.306716e-09  1.489726e-09       0.0     1.290400       0.000000
308  eq2j  eq2b   600.0          inf     200      400  1.742246e+00  2.141364e-01  5.000880e-01  1.591782e-01  1.222917e+00  2.651888e-01  1.924073e-02  1.613706e-02       1.0     1.750500       0.632100
309  eq2j  eq2b   600.0          inf     400      600  2.139745e+00  2.242854e-01  4.371698e-01  1.217065e-01  1.679465e+00  2.743831e-01  2.311020e-02  1.927019e-02       2.0     2.250400       1.264200
310  eq2j  eq2b   600.0          inf     600      900  3.001281e+00  3.026554e-01  5.446218e-01  1.416300e-01  2.425592e+00  4.174879e-01  3.106742e-02  2.643717e-02       2.0     2.250400       1.264200
311  eq2j  eq2b   600.0          inf     900      Inf  6.883272e-09  6.983967e-10  1.481880e-09  3.747268e-10  5.327974e-09  8.922244e-10  7.341898e-11  6.175821e-11       0.0     1.290400       0.000000
68   eq3j  eq0b   200.0   400.000000     200      400  1.188809e+04  1.179377e+02  5.589200e+03  3.690239e+02  6.165756e+03  3.910755e+02  1.331337e+02  1.058661e+02   11815.0   108.696826     108.696826
69   eq3j  eq0b   200.0   400.000000     400      600  1.188809e-05  1.181481e-07  5.589199e-06  3.690239e-07  6.165756e-06  3.910754e-07  1.331337e-07  1.060726e-07       0.0     1.290400       0.000000
70   eq3j  eq0b   200.0   400.000000     600      900  1.188809e-05  1.181481e-07  5.589199e-06  3.690239e-07  6.165756e-06  3.910754e-07  1.331337e-07  1.060726e-07       0.0     1.290400       0.000000
71   eq3j  eq0b   200.0   400.000000     900      Inf  1.188809e-05  1.181481e-07  5.589199e-06  3.690239e-07  6.165756e-06  3.910754e-07  1.331337e-07  1.060726e-07       0.0     1.290400       0.000000
120  eq3j  eq0b   400.0   600.000000     200      400  7.102854e+03  8.970562e+01  2.971154e+03  1.652251e+02  4.106631e+03  2.112044e+02  2.506864e+01  2.614010e+01    7120.0    84.380092      84.380092
121  eq3j  eq0b   400.0   600.000000     400      600  1.474740e+03  3.440355e+01  4.928093e+02  6.089355e+01  9.766255e+02  8.275956e+01  5.305405e+00  5.931749e+00    1463.0    38.249183      38.249183
122  eq3j  eq0b   400.0   600.000000     600      900  8.577595e-06  9.690093e-08  3.463963e-06  1.856102e-07  5.083257e-06  2.448953e-07  3.037450e-08  3.191542e-08       0.0     1.290400       0.000000
123  eq3j  eq0b   400.0   600.000000     900      Inf  8.577595e-06  9.690093e-08  3.463963e-06  1.856102e-07  5.083257e-06  2.448953e-07  3.037450e-08  3.191542e-08       0.0     1.290400       0.000000
228  eq3j  eq0b   600.0   900.000000     200      400  6.484821e+02  1.922262e+01  2.612847e+02  2.436812e+01  3.871974e+02  3.668104e+01  1.202313e-05  1.085850e-05     668.0    25.845696      25.845696
229  eq3j  eq0b   600.0   900.000000     400      600  5.756475e+02  1.732550e+01  1.748681e+02  1.596190e+01  4.007793e+02  2.605025e+01  1.001790e-05  8.947924e-06     593.0    24.351591      24.351591
230  eq3j  eq0b   600.0   900.000000     600      900  2.409187e+02  1.040381e+01  6.201041e+01  7.666964e+00  1.789083e+02  1.642428e+01  3.982984e-06  3.494557e-06     246.0    15.684387      15.684387
231  eq3j  eq0b   600.0   900.000000     900      Inf  1.465048e-06  3.463588e-08  4.981632e-07  3.854803e-08  9.668849e-07  5.869890e-08  2.602395e-14  2.316731e-14       0.0     1.290400       0.000000
324  eq3j  eq0b   900.0  1200.000000     200      400  2.429259e+02  1.181769e+01  8.406067e+01  1.195681e+01  1.588653e+02  1.857016e+01  4.883381e-07  4.791703e-07     245.0    15.652476      15.652476
325  eq3j  eq0b   900.0  1200.000000     400      600  1.585710e+02  7.805686e+00  4.389260e+01  5.853303e+00  1.146784e+02  1.146483e+01  3.235312e-07  3.033412e-07     164.0    12.806248      12.806248
326  eq3j  eq0b   900.0  1200.000000     600      900  9.988194e+01  5.764230e+00  2.138751e+01  3.654215e+00  7.849443e+01  8.559606e+00  1.359287e-07  1.507249e-07     101.0    10.049876      10.049876
327  eq3j  eq0b   900.0  1200.000000     900      Inf  2.439977e+01  2.273627e+00  5.653743e+00  1.153251e+00  1.874602e+01  3.266545e+00  1.999688e-12  1.744380e-12      19.0     4.824700       4.180600
4    eq3j  eq0b  1200.0          inf     200      400  1.570992e+01  1.682495e+00  4.132894e+00  7.035308e-01  1.125858e+01  1.702901e+00  3.184519e-01  3.619196e-01      21.0     5.307900       4.708000
5    eq3j  eq0b  1200.0          inf     400      600  3.862024e+01  2.937475e+00  9.830042e+00  1.327142e+00  2.802477e+01  2.832928e+00  7.654284e-01  8.826882e-01      28.0     5.822300       5.183100
6    eq3j  eq0b  1200.0          inf     600      900  2.792437e+01  2.193134e+00  5.661919e+00  8.362205e-01  2.175166e+01  2.126176e+00  5.107893e-01  5.874071e-01      31.0     5.567764       5.567764
7    eq3j  eq0b  1200.0          inf     900      Inf  1.861326e+01  2.028365e+00  2.462679e+00  4.565590e-01  1.584009e+01  1.983292e+00  3.104881e-01  3.566781e-01      17.0     4.808400       4.209500
84   eq3j  eq1b   200.0   400.000000     200      400  2.692729e+03  4.419712e+01  1.848553e+03  1.256696e+02  8.156607e+02  1.136853e+02  2.851569e+01  2.233760e+01    2703.0    51.990384      51.990384
85   eq3j  eq1b   200.0   400.000000     400      600  2.692729e-06  4.421144e-08  1.848553e-06  1.256696e-07  8.156607e-07  1.136854e-07  2.851568e-08  2.242582e-08       0.0     1.290400       0.000000
86   eq3j  eq1b   200.0   400.000000     600      900  2.692729e-06  4.421144e-08  1.848553e-06  1.256696e-07  8.156607e-07  1.136854e-07  2.851568e-08  2.242582e-08       0.0     1.290400       0.000000
87   eq3j  eq1b   200.0   400.000000     900      Inf  2.692729e-06  4.421144e-08  1.848553e-06  1.256696e-07  8.156607e-07  1.136854e-07  2.851568e-08  2.242582e-08       0.0     1.290400       0.000000
148  eq3j  eq1b   400.0   600.000000     200      400  1.269636e+03  2.910502e+01  7.026890e+02  4.134649e+01  5.627062e+02  4.809978e+01  4.240812e+00  4.404619e+00    1212.0    34.813790      34.813790
149  eq3j  eq1b   400.0   600.000000     400      600  2.685675e+02  9.833637e+00  1.189016e+02  1.178662e+01  1.488228e+02  1.737581e+01  8.431292e-01  9.297394e-01     301.0    17.349352      17.349352
150  eq3j  eq1b   400.0   600.000000     600      900  1.538204e-06  3.451820e-08  8.215905e-07  4.797766e-08  7.115290e-07  6.000598e-08  5.084493e-09  5.292191e-09       0.0     1.290400       0.000000
151  eq3j  eq1b   400.0   600.000000     900      Inf  1.538204e-06  3.451820e-08  8.215905e-07  4.797766e-08  7.115290e-07  6.000598e-08  5.084493e-09  5.292191e-09       0.0     1.290400       0.000000
252  eq3j  eq1b   600.0   900.000000     200      400  1.043337e+02  5.534374e+00  4.296743e+01  4.916087e+00  6.136624e+01  8.208767e+00  1.629178e-06  1.471193e-06     110.0    10.488088      10.488088
253  eq3j  eq1b   600.0   900.000000     400      600  9.041942e+01  5.055006e+00  2.969525e+01  2.880223e+00  6.072417e+01  7.027533e+00  1.340226e-06  1.193842e-06      96.0     9.797959       9.797959
254  eq3j  eq1b   600.0   900.000000     600      900  3.933635e+01  2.614860e+00  9.919766e+00  1.259228e+00  2.941658e+01  4.147958e+00  5.637978e-07  4.955761e-07      42.0     6.480741       6.480741
255  eq3j  eq1b   600.0   900.000000     900      Inf  2.340894e-07  1.158179e-08  8.258244e-08  7.527726e-09  1.515070e-07  1.724288e-08  3.533173e-15  3.133584e-15       0.0     1.290400       0.000000
344  eq3j  eq1b   900.0  1200.000000     200      400  4.125542e+01  4.026623e+00  2.002425e+01  3.149118e+00  2.123117e+01  5.332241e+00  1.999991e-12  1.747757e-12      39.0     6.244998       6.244998
345  eq3j  eq1b   900.0  1200.000000     400      600  2.426997e+01  2.226278e+00  9.486582e+00  1.356939e+00  1.478338e+01  3.332271e+00  2.000126e-12  1.748077e-12      24.0     5.327800       4.675100
346  eq3j  eq1b   900.0  1200.000000     600      900  1.599761e+01  1.793497e+00  3.946374e+00  6.806261e-01  1.205124e+01  2.724599e+00  1.999963e-12  1.748545e-12      10.0     3.806000       3.223600
347  eq3j  eq1b   900.0  1200.000000     900      Inf  5.260854e+00  1.188798e+00  5.102586e-01  1.097968e-01  4.750595e+00  1.418831e+00  1.999920e-12  1.746664e-12       6.0     3.278300       2.176900
24   eq3j  eq1b  1200.0          inf     200      400  2.763475e+00  5.069873e-01  1.022280e+00  2.024260e-01  1.693731e+00  4.970593e-01  4.746349e-02  5.452888e-02       3.0     2.301200       1.896400
25   eq3j  eq1b  1200.0          inf     400      600  6.406393e+00  1.146143e+00  2.114920e+00  3.573017e-01  4.185133e+00  1.106326e+00  1.063405e-01  1.221479e-01       5.0     2.806400       2.249500
26   eq3j  eq1b  1200.0          inf     600      900  4.663466e+00  9.290548e-01  1.089331e+00  1.975762e-01  3.501509e+00  9.119713e-01  7.262592e-02  8.340471e-02       7.0     3.300600       2.749600
27   eq3j  eq1b  1200.0          inf     900      Inf  3.388535e+00  7.714582e-01  5.301100e-01  1.174691e-01  2.809494e+00  7.595702e-01  4.893142e-02  5.622024e-02       4.0     2.776400       1.664100
96   eq3j  eq2b   200.0   400.000000     200      400  4.801127e+02  1.425935e+01  3.691010e+02  2.986143e+01  1.057258e+02  1.506079e+01  5.285935e+00  4.170076e+00     495.0    22.248595      22.248595
97   eq3j  eq2b   200.0   400.000000     400      600  4.801126e-07  1.426038e-08  3.691010e-07  2.986143e-08  1.057257e-07  1.506079e-08  5.285935e-09  4.155430e-09       0.0     1.290400       0.000000
98   eq3j  eq2b   200.0   400.000000     600      900  4.801126e-07  1.426038e-08  3.691010e-07  2.986143e-08  1.057257e-07  1.506079e-08  5.285935e-09  4.155430e-09       0.0     1.290400       0.000000
99   eq3j  eq2b   200.0   400.000000     900      Inf  4.801126e-07  1.426038e-08  3.691010e-07  2.986143e-08  1.057257e-07  1.506079e-08  5.285935e-09  4.155430e-09       0.0     1.290400       0.000000
172  eq3j  eq2b   400.0   600.000000     200      400  2.205436e+02  6.616168e+00  1.554781e+02  9.905750e+00  6.428421e+01  5.585639e+00  7.813229e-01  8.117786e-01     229.0    15.132746      15.132746
173  eq3j  eq2b   400.0   600.000000     400      600  3.177576e+01  1.224246e+00  1.444154e+01  1.524696e+00  1.723219e+01  2.090425e+00  1.020299e-01  1.158034e-01      34.0     5.830952       5.830952
174  eq3j  eq2b   400.0   600.000000     600      900  2.523194e-07  7.141532e-09  1.699197e-07  1.076382e-08  8.151640e-08  7.031098e-09  8.833528e-10  9.167660e-10       0.0     1.290400       0.000000
175  eq3j  eq2b   400.0   600.000000     900      Inf  2.523194e-07  7.141532e-09  1.699197e-07  1.076382e-08  8.151640e-08  7.031098e-09  8.833528e-10  9.167660e-10       0.0     1.290400       0.000000
272  eq3j  eq2b   600.0   900.000000     200      400  9.724131e+00  5.680721e-01  3.839850e+00  4.918649e-01  5.884281e+00  7.909577e-01  1.354242e-07  1.300831e-07      10.0     3.806000       3.223600
273  eq3j  eq2b   600.0   900.000000     400      600  1.034617e+01  6.497346e-01  4.344180e+00  5.175727e-01  6.001987e+00  7.185882e-01  1.343769e-07  1.288193e-07       9.0     3.790500       2.665800
274  eq3j  eq2b   600.0   900.000000     600      900  3.837307e+00  2.693059e-01  8.591720e-01  1.308529e-01  2.978135e+00  4.119667e-01  1.999896e-12  1.763805e-12       2.0     2.250400       1.264200
275  eq3j  eq2b   600.0   900.000000     900      Inf  2.390760e-08  1.309602e-09  9.043202e-09  9.830483e-10  1.486440e-08  1.713923e-09  2.698023e-16  2.589839e-16       0.0     1.290400       0.000000
360  eq3j  eq2b   900.0  1200.000000     200      400  3.708198e+00  4.299979e-01  1.949762e+00  4.424493e-01  1.758436e+00  4.444228e-01  2.000009e-12  1.748170e-12       4.0     2.776400       1.664100
361  eq3j  eq2b   900.0  1200.000000     400      600  1.891559e+00  2.018857e-01  7.564549e-01  1.762915e-01  1.135104e+00  2.611265e-01  2.000022e-12  1.748212e-12       2.0     2.250400       1.264200
362  eq3j  eq2b   900.0  1200.000000     600      900  1.383537e+00  1.630105e-01  3.877569e-01  9.709083e-02  9.957801e-01  2.278170e-01  1.999996e-12  1.747191e-12       2.0     2.250400       1.264200
363  eq3j  eq2b   900.0  1200.000000     900      Inf  4.701342e-01  1.060974e-01  3.299052e-02  1.143979e-02  4.371437e-01  1.296151e-01  1.999973e-12  1.747434e-12       0.0     1.290400       0.000000
40   eq3j  eq2b  1200.0          inf     200      400  2.650136e-01  5.073081e-02  1.205200e-01  3.764614e-02  1.407237e-01  4.195997e-02  3.769907e-03  4.322343e-03       1.0     1.750500       0.632100
41   eq3j  eq2b  1200.0          inf     400      600  6.651986e-01  1.242082e-01  2.623661e-01  7.740524e-02  3.934001e-01  1.038413e-01  9.432346e-03  1.084178e-02       0.0     1.290400       0.000000
42   eq3j  eq2b  1200.0          inf     600      900  4.605878e-01  9.102650e-02  1.271990e-01  3.860526e-02  3.271157e-01  8.481920e-02  6.273067e-03  7.207108e-03       0.0     1.290400       0.000000
43   eq3j  eq2b  1200.0          inf     900      Inf  3.281538e-01  7.063766e-02  7.513230e-02  2.509731e-02  2.487639e-01  6.635097e-02  4.257692e-03  4.890466e-03       0.0     1.290400       0.000000
104  eq3j  eq3b   200.0   400.000000     200      400  1.494396e+01  2.203899e+00  1.268979e+01  3.132682e+00  2.102317e+00  2.859114e-01  1.518444e-01  1.267118e-01      16.0     4.799100       3.666200
105  eq3j  eq3b   200.0   400.000000     400      600  1.494395e-08  2.203895e-09  1.268979e-08  3.132683e-09  2.102317e-09  2.859114e-10  1.518444e-10  1.266751e-10       0.0     1.290400       0.000000
106  eq3j  eq3b   200.0   400.000000     600      900  1.494395e-08  2.203895e-09  1.268979e-08  3.132683e-09  2.102317e-09  2.859114e-10  1.518444e-10  1.266751e-10       0.0     1.290400       0.000000
107  eq3j  eq3b   200.0   400.000000     900      Inf  1.494395e-08  2.203895e-09  1.268979e-08  3.132683e-09  2.102317e-09  2.859114e-10  1.518444e-10  1.266751e-10       0.0     1.290400       0.000000
192  eq3j  eq3b   400.0   600.000000     200      400  6.684307e+00  1.104008e+00  4.911372e+00  1.303312e+00  1.743899e+00  1.570489e-01  2.903685e-02  3.018200e-02      10.0     3.806000       3.223600
193  eq3j  eq3b   400.0   600.000000     400      600  8.315987e-01  7.803615e-02  3.384351e-01  8.933710e-02  4.902603e-01  6.406530e-02  2.903219e-03  3.320550e-03       2.0     2.250400       1.264200
194  eq3j  eq3b   400.0   600.000000     600      900  7.515905e-09  1.137558e-09  5.249807e-09  1.372979e-09  2.234159e-09  2.015300e-10  3.193948e-11  3.317131e-11       0.0     1.290400       0.000000
195  eq3j  eq3b   400.0   600.000000     900      Inf  7.515905e-09  1.137558e-09  5.249807e-09  1.372979e-09  2.234159e-09  2.015300e-10  3.193948e-11  3.317131e-11       0.0     1.290400       0.000000
312  eq3j  eq3b   600.0          inf     200      400  3.541083e-01  4.439118e-02  1.362862e-01  5.630602e-02  2.178222e-01  3.237712e-02  3.000002e-12  2.324821e-12       3.0     2.301200       1.896400
313  eq3j  eq3b   600.0          inf     400      600  3.528626e-01  5.609979e-02  1.717054e-01  6.401629e-02  1.811572e-01  2.675602e-02  3.000011e-12  2.325095e-12       3.0     2.301200       1.896400
314  eq3j  eq3b   600.0          inf     600      900  1.603658e-01  1.926176e-02  2.552857e-02  1.318193e-02  1.348372e-01  2.326986e-02  2.999988e-12  2.324457e-12       0.0     1.290400       0.000000
315  eq3j  eq3b   600.0          inf     900      Inf  8.673366e-10  1.079213e-10  3.335201e-10  1.289690e-10  5.338166e-10  7.463928e-11  8.999969e-21  0.000000e+00       0.0     1.290400       0.000000
124  eq4j  eq0b   400.0   600.000000     200      400  4.329293e+03  6.183099e+01  2.091545e+03  1.109000e+02  2.228581e+03  1.449013e+02  9.167101e+00  8.299916e+00    4324.0    65.757129      65.757129
125  eq4j  eq0b   400.0   600.000000     400      600  4.369485e+02  1.731735e+01  1.493546e+02  1.806331e+01  2.867062e+02  2.784877e+01  8.876067e-01  8.495128e-01     437.0    20.904545      20.904545
126  eq4j  eq0b   400.0   600.000000     600      900  4.766240e-06  6.564887e-08  2.240900e-06  1.186584e-07  2.515287e-06  1.578299e-07  1.005330e-08  9.062144e-09       0.0     1.290400       0.000000
127  eq4j  eq0b   400.0   600.000000     900      Inf  4.766240e-06  6.564887e-08  2.240900e-06  1.186584e-07  2.515287e-06  1.578299e-07  1.005330e-08  9.062144e-09       0.0     1.290400       0.000000
232  eq4j  eq0b   600.0   900.000000     200      400  7.469260e+02  2.062500e+01  3.545969e+02  2.630296e+01  3.891551e+02  3.522948e+01  3.173953e+00  3.353229e+00     751.0    27.404379      27.404379
233  eq4j  eq0b   600.0   900.000000     400      600  4.727817e+02  1.708274e+01  1.459832e+02  1.432068e+01  3.250327e+02  2.812904e+01  1.765865e+00  1.777576e+00     484.0    22.000000      22.000000
234  eq4j  eq0b   600.0   900.000000     600      900  1.002901e+02  6.374767e+00  2.499709e+01  3.317235e+00  7.494268e+01  9.061891e+00  3.503181e-01  3.309792e-01     110.0    10.488088      10.488088
235  eq4j  eq0b   600.0   900.000000     900      Inf  1.319998e-06  3.442855e-08  5.255772e-07  3.710332e-08  7.891304e-07  5.686015e-08  5.290531e-09  5.439580e-09       0.0     1.290400       0.000000
328  eq4j  eq0b   900.0  1200.000000     200      400  1.834940e+02  8.980035e+00  8.705659e+01  1.135924e+01  9.643737e+01  1.476734e+01  8.187063e-07  8.762436e-07     186.0    13.638182      13.638182
329  eq4j  eq0b   900.0  1200.000000     400      600  1.097842e+02  5.756766e+00  3.992725e+01  5.367483e+00  6.985699e+01  9.923833e+00  4.658906e-07  4.833022e-07     111.0    10.535654      10.535654
330  eq4j  eq0b   900.0  1200.000000     600      900  6.034215e+01  4.161221e+00  1.345275e+01  2.187874e+00  4.688940e+01  7.395116e+00  1.546011e-07  1.938364e-07      66.0     8.124038       8.124038
331  eq4j  eq0b   900.0  1200.000000     900      Inf  8.839483e+00  1.132937e+00  1.894841e+00  3.990979e-01  6.944643e+00  1.607454e+00  1.999988e-12  1.858315e-12      13.0     4.304300       3.721700
8    eq4j  eq0b  1200.0          inf     200      400  1.653201e+01  1.899185e+00  6.389767e+00  9.319243e-01  1.014224e+01  2.084949e+00  1.245961e-07  1.168558e-07      13.0     4.304300       3.721700
9    eq4j  eq0b  1200.0          inf     400      600  3.501880e+01  2.792633e+00  9.006532e+00  1.073052e+00  2.601226e+01  2.965436e+00  2.242762e-07  2.100757e-07      32.0     5.656854       5.656854
10   eq4j  eq0b  1200.0          inf     600      900  2.537166e+01  2.221321e+00  4.294203e+00  6.130604e-01  2.107746e+01  2.254932e+00  1.399267e-07  1.312848e-07      28.0     5.822300       5.183100
11   eq4j  eq0b  1200.0          inf     900      Inf  1.585436e+01  1.742408e+00  2.001009e+00  3.757965e-01  1.385335e+01  1.689048e+00  9.999851e-13  9.369111e-13      15.0     4.324900       3.681300
152  eq4j  eq1b   400.0   600.000000     200      400  1.504200e+03  2.940638e+01  1.081446e+03  5.718508e+01  4.199462e+02  4.950793e+01  2.807101e+00  2.552253e+00    1497.0    38.691084      38.691084
153  eq4j  eq1b   400.0   600.000000     400      600  1.218856e+02  5.782867e+00  6.259168e+01  6.319615e+00  5.908173e+01  7.846600e+00  2.121518e-01  2.050401e-01     109.0    10.440307      10.440307
154  eq4j  eq1b   400.0   600.000000     600      900  1.626085e-06  3.176534e-08  1.144038e-06  6.035938e-08  4.790280e-07  5.498987e-08  3.018691e-09  2.736039e-09       0.0     1.290400       0.000000
155  eq4j  eq1b   400.0   600.000000     900      Inf  1.626085e-06  3.176534e-08  1.144038e-06  6.035938e-08  4.790280e-07  5.498987e-08  3.018691e-09  2.736039e-09       0.0     1.290400       0.000000
256  eq4j  eq1b   600.0   900.000000     200      400  1.986595e+02  7.988763e+00  1.108705e+02  8.405501e+00  8.712379e+01  1.062744e+01  6.651660e-01  7.049854e-01     184.0    13.564660      13.564660
257  eq4j  eq1b   600.0   900.000000     400      600  1.142207e+02  5.468388e+00  4.756658e+01  4.738355e+00  6.631189e+01  7.799910e+00  3.422656e-01  3.456472e-01     106.0    10.295630      10.295630
258  eq4j  eq1b   600.0   900.000000     600      900  2.064254e+01  1.605832e+00  5.699159e+00  7.782483e-01  1.488493e+01  2.327474e+00  5.845525e-02  5.533524e-02      19.0     4.824700       4.180600
259  eq4j  eq1b   600.0   900.000000     900      Inf  3.335228e-07  1.305244e-08  1.641363e-07  1.201697e-08  1.683206e-07  1.837307e-08  1.065896e-09  1.099499e-09       0.0     1.290400       0.000000
348  eq4j  eq1b   900.0  1200.000000     200      400  4.629362e+01  3.694074e+00  2.525411e+01  3.608945e+00  2.103951e+01  5.177585e+00  1.348980e-07  1.691329e-07      60.0     7.745967       7.745967
349  eq4j  eq1b   900.0  1200.000000     400      600  2.445798e+01  2.316860e+00  1.011595e+01  1.479080e+00  1.434203e+01  3.326071e+00  2.000247e-12  1.859457e-12      19.0     4.824700       4.180600
350  eq4j  eq1b   900.0  1200.000000     600      900  1.127392e+01  1.407623e+00  3.147536e+00  5.413065e-01  8.126384e+00  2.064470e+00  2.000247e-12  1.859457e-12      11.0     3.819400       3.193600
351  eq4j  eq1b   900.0  1200.000000     900      Inf  1.422336e+00  3.358216e-01  2.733330e-01  7.121900e-02  1.149003e+00  4.395387e-01  2.000247e-12  1.859457e-12       1.0     1.750500       0.632100
28   eq4j  eq1b  1200.0          inf     200      400  5.280211e+00  7.617572e-01  2.148962e+00  3.589349e-01  3.131250e+00  7.662820e-01  9.999686e-13  9.353439e-13       7.0     3.300600       2.749600
29   eq4j  eq1b  1200.0          inf     400      600  1.235433e+01  1.520978e+00  4.753677e+00  7.248127e-01  7.600656e+00  1.391506e+00  9.999674e-13  9.374758e-13      11.0     3.819400       3.193600
30   eq4j  eq1b  1200.0          inf     600      900  6.415493e+00  9.365674e-01  1.477795e+00  2.386015e-01  4.937698e+00  9.121465e-01  1.000047e-12  9.385844e-13       7.0     3.300600       2.749600
31   eq4j  eq1b  1200.0          inf     900      Inf  4.529303e+00  8.228322e-01  5.527700e-01  1.096093e-01  3.976532e+00  8.101736e-01  1.000017e-12  9.383293e-13       4.0     2.776400       1.664100
176  eq4j  eq2b   400.0   600.000000     200      400  5.062511e+02  1.494446e+01  4.374857e+02  2.319444e+01  6.782165e+01  8.005829e+00  9.437974e-01  8.634215e-01     524.0    22.891046      22.891046
177  eq4j  eq2b   400.0   600.000000     400      600  2.659379e+01  1.435941e+00  1.661468e+01  1.702305e+00  9.933099e+00  1.305094e+00  4.601019e-02  4.584905e-02      29.0     5.827500       5.175300
178  eq4j  eq2b   400.0   600.000000     600      900  5.328440e-07  1.529072e-08  4.541003e-07  2.404294e-08  7.775474e-08  8.913225e-09  9.888872e-10  8.989666e-10       0.0     1.290400       0.000000
179  eq4j  eq2b   400.0   600.000000     900      Inf  5.328440e-07  1.529072e-08  4.541003e-07  2.404294e-08  7.775474e-08  8.913225e-09  9.888872e-10  8.989666e-10       0.0     1.290400       0.000000
276  eq4j  eq2b   600.0   900.000000     200      400  3.829227e+01  1.820212e+00  2.502583e+01  2.206030e+00  1.313320e+01  1.630502e+00  1.332418e-01  1.424711e-01      50.0     7.071068       7.071068
277  eq4j  eq2b   600.0   900.000000     400      600  2.110761e+01  1.080993e+00  1.158197e+01  1.249118e+00  9.458526e+00  1.132554e+00  6.711374e-02  6.894976e-02      19.0     4.824700       4.180600
278  eq4j  eq2b   600.0   900.000000     600      900  2.902749e+00  2.192643e-01  8.423564e-01  1.282318e-01  2.052297e+00  3.203352e-01  8.095082e-03  7.673566e-03       1.0     1.750500       0.632100
279  eq4j  eq2b   600.0   900.000000     900      Inf  6.230265e-08  2.686546e-09  3.745016e-08  3.089438e-09  2.464403e-08  2.739001e-09  2.084653e-10  2.183223e-10       0.0     1.290400       0.000000
364  eq4j  eq2b   900.0  1200.000000     200      400  7.552890e+00  7.252079e-01  4.586821e+00  7.981037e-01  2.966069e+00  7.209913e-01  2.000020e-12  1.860103e-12      10.0     3.806000       3.223600
365  eq4j  eq2b   900.0  1200.000000     400      600  3.771230e+00  3.753300e-01  1.842549e+00  3.408244e-01  1.928681e+00  4.429425e-01  1.999940e-12  1.860533e-12       7.0     3.300600       2.749600
366  eq4j  eq2b   900.0  1200.000000     600      900  1.528723e+00  1.843185e-01  5.229567e-01  1.207332e-01  1.005766e+00  2.634326e-01  2.000016e-12  1.858218e-12       0.0     1.290400       0.000000
367  eq4j  eq2b   900.0  1200.000000     900      Inf  2.376869e-01  5.495272e-02  4.980230e-02  1.604226e-02  1.878846e-01  7.616557e-02  2.000024e-12  1.857912e-12       1.0     1.750500       0.632100
44   eq4j  eq2b  1200.0          inf     200      400  6.948586e-01  1.103395e-01  2.823668e-01  6.581367e-02  4.124917e-01  1.020489e-01  9.999789e-13  9.361223e-13       1.0     1.750500       0.632100
45   eq4j  eq2b  1200.0          inf     400      600  1.702617e+00  2.483906e-01  7.383257e-01  1.734574e-01  9.642916e-01  1.794608e-01  9.999758e-13  9.373916e-13       0.0     1.290400       0.000000
46   eq4j  eq2b  1200.0          inf     600      900  6.616044e-01  1.032484e-01  1.418145e-01  3.285216e-02  5.197899e-01  9.970120e-02  1.000037e-12  9.382299e-13       0.0     1.290400       0.000000
47   eq4j  eq2b  1200.0          inf     900      Inf  5.859130e-01  1.141826e-01  5.976693e-02  1.499455e-02  5.261461e-01  1.128602e-01  1.000008e-12  9.379681e-13       1.0     1.750500       0.632100
196  eq4j  eq3b   400.0   600.000000     200      400  4.209539e+01  3.236842e+00  3.832831e+01  4.201327e+00  3.698587e+00  4.506676e-01  6.849037e-02  6.280972e-02      35.0     5.916080       5.916080
197  eq4j  eq3b   400.0   600.000000     400      600  2.041423e+00  2.122874e-01  1.447194e+00  2.363895e-01  5.912324e-01  8.186351e-02  2.996699e-03  3.066956e-03       1.0     1.750500       0.632100
198  eq4j  eq3b   400.0   600.000000     600      900  4.413681e-08  3.306130e-09  3.977550e-08  4.363779e-09  4.289820e-09  5.068790e-10  7.148505e-11  6.526124e-11       0.0     1.290400       0.000000
199  eq4j  eq3b   400.0   600.000000     900      Inf  4.413681e-08  3.306130e-09  3.977550e-08  4.363779e-09  4.289820e-09  5.068790e-10  7.148505e-11  6.526124e-11       0.0     1.290400       0.000000
292  eq4j  eq3b   600.0   900.000000     200      400  3.296648e+00  3.694553e-01  2.545350e+00  4.157391e-01  7.429549e-01  9.411631e-02  8.343202e-03  8.947764e-03       6.0     3.278300       2.176900
293  eq4j  eq3b   600.0   900.000000     400      600  1.561291e+00  1.574853e-01  9.873099e-01  1.820661e-01  5.701373e-01  7.080224e-02  3.843440e-03  3.961979e-03       0.0     1.290400       0.000000
294  eq4j  eq3b   600.0   900.000000     600      900  2.075940e-01  2.330868e-02  8.224041e-02  2.261280e-02  1.248849e-01  2.024242e-02  4.686385e-04  4.456472e-04       0.0     1.290400       0.000000
295  eq4j  eq3b   600.0   900.000000     900      Inf  5.065533e-09  5.137100e-10  3.614900e-09  5.862102e-10  1.437977e-09  1.654139e-10  1.265555e-11  1.327254e-11       0.0     1.290400       0.000000
396  eq4j  eq3b   900.0          inf     200      400  7.293276e-01  1.575821e-01  5.132241e-01  1.537828e-01  2.161034e-01  5.040172e-02  1.000000e-12  8.411949e-13       0.0     1.290400       0.000000
397  eq4j  eq3b   900.0          inf     400      600  4.270874e-01  8.632501e-02  2.575890e-01  8.000636e-02  1.694983e-01  3.627331e-02  1.000000e-12  8.411949e-13       0.0     1.290400       0.000000
398  eq4j  eq3b   900.0          inf     600      900  1.516580e-01  2.683433e-02  4.567823e-02  1.480236e-02  1.059797e-01  2.359153e-02  1.000000e-12  8.411949e-13       0.0     1.290400       0.000000
399  eq4j  eq3b   900.0          inf     900      Inf  3.616217e-02  7.826072e-03  4.689962e-03  1.707779e-03  3.147221e-02  7.905072e-03  1.000000e-12  8.411949e-13       0.0     1.290400       0.000000
128  eq5j  eq0b   400.0   600.000000     200      400  1.112740e+03  2.828018e+01  5.666698e+02  4.160586e+01  5.460706e+02  7.010536e+01  7.870030e-05  7.628060e-05    1132.0    33.645208      33.645208
129  eq5j  eq0b   400.0   600.000000     400      600  7.120389e+01  5.811977e+00  2.123785e+01  2.908276e+00  4.996603e+01  7.276237e+00  4.649727e-06  4.547193e-06      59.0     7.681146       7.681146
130  eq5j  eq0b   400.0   600.000000     600      900  1.183944e-06  3.007829e-08  5.879077e-07  4.282569e-08  5.960366e-07  7.424292e-08  8.324401e-14  8.042492e-14       0.0     1.290400       0.000000
131  eq5j  eq0b   400.0   600.000000     900      Inf  1.183944e-06  3.007829e-08  5.879077e-07  4.282569e-08  5.960366e-07  7.424292e-08  8.324401e-14  8.042492e-14       0.0     1.290400       0.000000
236  eq5j  eq0b   600.0   900.000000     200      400  4.709930e+02  1.690137e+01  2.218599e+02  1.791045e+01  2.491331e+02  2.706482e+01  9.109438e-06  8.107155e-06     435.0    20.856654      20.856654
237  eq5j  eq0b   600.0   900.000000     400      600  1.869207e+02  9.574255e+00  6.083333e+01  6.687075e+00  1.260873e+02  1.534122e+01  3.205988e-06  2.777696e-06     201.0    14.177447      14.177447
238  eq5j  eq0b   600.0   900.000000     600      900  2.673020e+01  2.541618e+00  5.797932e+00  8.952810e-01  2.093227e+01  3.376666e+00  4.205726e-07  3.777272e-07      17.0     4.808400       4.209500
239  eq5j  eq0b   600.0   900.000000     900      Inf  6.846439e-07  2.305579e-08  2.884912e-07  2.295491e-08  3.961527e-07  3.880166e-08  1.273686e-14  1.116118e-14       0.0     1.290400       0.000000
332  eq5j  eq0b   900.0  1200.000000     200      400  1.209412e+02  8.560759e+00  5.287272e+01  7.463330e+00  6.806845e+01  1.230903e+01  6.304385e-07  7.055112e-07     124.0    11.135529      11.135529
333  eq5j  eq0b   900.0  1200.000000     400      600  5.779723e+01  4.707401e+00  1.777650e+01  2.630911e+00  4.002072e+01  7.907009e+00  2.863595e-07  2.939791e-07      59.0     7.681146       7.681146
334  eq5j  eq0b   900.0  1200.000000     600      900  2.864560e+01  3.841382e+00  6.454592e+00  1.117983e+00  2.219100e+01  5.425368e+00  1.947088e-12  2.023316e-12      28.0     5.822300       5.183100
335  eq5j  eq0b   900.0  1200.000000     900      Inf  2.073840e-07  1.388346e-08  7.710381e-08  1.039345e-08  1.302802e-07  2.216859e-08  9.168005e-16  1.000381e-15       0.0     1.290400       0.000000
12   eq5j  eq0b  1200.0          inf     200      400  9.789228e+00  1.436802e+00  4.458963e+00  7.239269e-01  5.330265e+00  1.347476e+00  1.745278e-07  1.799084e-07       7.0     3.300600       2.749600
13   eq5j  eq0b  1200.0          inf     400      600  1.422934e+01  1.840236e+00  4.759419e+00  6.449834e-01  9.469925e+00  1.718005e+00  2.225653e-07  2.301781e-07      16.0     4.799100       3.666200
14   eq5j  eq0b  1200.0          inf     600      900  9.246688e+00  1.360968e+00  2.308598e+00  3.488109e-01  6.938089e+00  1.294997e+00  1.278059e-07  1.319478e-07       7.0     3.300600       2.749600
15   eq5j  eq0b  1200.0          inf     900      Inf  4.938009e+00  8.982288e-01  7.793239e-01  1.462948e-01  4.158685e+00  8.734813e-01  1.000035e-12  1.030522e-12       6.0     3.278300       2.176900
156  eq5j  eq1b   400.0   600.000000     200      400  5.858387e+02  2.035340e+01  4.327256e+02  2.727014e+01  1.531131e+02  3.489536e+01  3.832285e-05  3.747659e-05     591.0    24.310492      24.310492
157  eq5j  eq1b   400.0   600.000000     400      600  2.355188e+01  2.118154e+00  1.231861e+01  1.498321e+00  1.123327e+01  2.872099e+00  1.387162e-06  1.345808e-06      22.0     5.315000       4.695700
158  eq5j  eq1b   400.0   600.000000     600      900  6.093906e-07  2.137283e-08  4.450442e-07  2.805489e-08  1.643463e-07  3.725174e-08  3.966294e-14  3.853734e-14       0.0     1.290400       0.000000
159  eq5j  eq1b   400.0   600.000000     900      Inf  6.093906e-07  2.137283e-08  4.450442e-07  2.805489e-08  1.643463e-07  3.725174e-08  3.966294e-14  3.853734e-14       0.0     1.290400       0.000000
260  eq5j  eq1b   600.0   900.000000     200      400  1.784518e+02  7.433899e+00  1.259101e+02  9.614260e+00  5.254167e+01  1.064499e+01  3.161278e-06  2.846594e-06     198.0    14.071247      14.071247
261  eq5j  eq1b   600.0   900.000000     400      600  5.580294e+01  3.356622e+00  2.899243e+01  3.180836e+00  2.681051e+01  4.979772e+00  9.006191e-07  7.797514e-07      50.0     7.071068       7.071068
262  eq5j  eq1b   600.0   900.000000     600      900  6.856713e+00  7.857563e-01  1.975770e+00  2.979280e-01  4.880944e+00  1.023896e+00  2.000074e-12  1.730297e-12      11.0     3.819400       3.193600
263  eq5j  eq1b   600.0   900.000000     900      Inf  2.411114e-07  1.012440e-08  1.568783e-07  1.186100e-08  8.423311e-08  1.559835e-08  4.061893e-15  3.613201e-15       0.0     1.290400       0.000000
352  eq5j  eq1b   900.0  1200.000000     200      400  3.929859e+01  3.381210e+00  2.128268e+01  2.933638e+00  1.801591e+01  4.420495e+00  1.289990e-07  1.777283e-07      33.0     5.744563       5.744563
353  eq5j  eq1b   900.0  1200.000000     400      600  1.834161e+01  2.033860e+00  7.104102e+00  1.059941e+00  1.123751e+01  2.746613e+00  2.000143e-12  1.860517e-12      15.0     4.324900       3.681300
354  eq5j  eq1b   900.0  1200.000000     600      900  8.339293e+00  1.244774e+00  2.038661e+00  3.645357e-01  6.300632e+00  1.624300e+00  2.000114e-12  1.865736e-12       9.0     3.790500       2.665800
355  eq5j  eq1b   900.0  1200.000000     900      Inf  6.597949e-08  5.973303e-09  3.042544e-08  4.099435e-09  3.555405e-08  8.277553e-09  1.290045e-16  1.776635e-16       0.0     1.290400       0.000000
32   eq5j  eq1b  1200.0          inf     200      400  3.397436e+00  5.879579e-01  1.758324e+00  3.182879e-01  1.639111e+00  5.289476e-01  1.000000e-12  1.032586e-12       4.0     2.776400       1.664100
33   eq5j  eq1b  1200.0          inf     400      600  5.298001e+00  9.685764e-01  1.715513e+00  2.855286e-01  3.582489e+00  9.421724e-01  1.000000e-12  1.032586e-12       3.0     2.301200       1.896400
34   eq5j  eq1b  1200.0          inf     600      900  2.859146e+00  6.039015e-01  6.212140e-01  1.096509e-01  2.237932e+00  5.971256e-01  1.000000e-12  1.032586e-12       5.0     2.806400       2.249500
35   eq5j  eq1b  1200.0          inf     900      Inf  1.930083e+00  4.917248e-01  2.280231e-01  5.143413e-02  1.702060e+00  4.867090e-01  1.000000e-12  1.032586e-12       2.0     2.250400       1.264200
180  eq5j  eq2b   400.0   600.000000     200      400  2.757906e+02  1.069993e+01  2.464692e+02  1.660762e+01  2.932137e+01  6.707099e+00  1.723839e-05  1.690756e-05     284.0    16.852300      16.852300
181  eq5j  eq2b   400.0   600.000000     400      600  5.273384e+00  4.203474e-01  3.534400e+00  4.450813e-01  1.738983e+00  4.452117e-01  2.476183e-07  2.556047e-07      10.0     3.806000       3.223600
182  eq5j  eq2b   400.0   600.000000     600      900  2.810640e-07  1.082843e-08  2.500036e-07  1.681848e-08  3.106035e-08  7.084846e-09  1.746507e-14  1.703527e-14       0.0     1.290400       0.000000
183  eq5j  eq2b   400.0   600.000000     900      Inf  2.810640e-07  1.082843e-08  2.500036e-07  1.681848e-08  3.106035e-08  7.084846e-09  1.746507e-14  1.703527e-14       0.0     1.290400       0.000000
280  eq5j  eq2b   600.0   900.000000     200      400  6.830249e+01  3.579731e+00  5.881116e+01  4.708211e+00  9.491332e+00  1.953113e+00  1.093885e-06  9.945038e-07      63.0     7.937254       7.937254
281  eq5j  eq2b   600.0   900.000000     400      600  1.761920e+01  1.143894e+00  1.256691e+01  1.406717e+00  5.052288e+00  9.335963e-01  1.887127e-07  1.825755e-07      16.0     4.799100       3.666200
282  eq5j  eq2b   600.0   900.000000     600      900  1.639182e+00  1.900385e-01  5.576424e-01  1.062982e-01  1.081539e+00  2.233155e-01  2.000623e-12  1.729310e-12       0.0     1.290400       0.000000
283  eq5j  eq2b   600.0   900.000000     900      Inf  8.756086e-08  4.349235e-09  7.193571e-08  5.691865e-09  1.562516e-08  2.902683e-09  1.282772e-15  1.175851e-15       0.0     1.290400       0.000000
368  eq5j  eq2b   900.0  1200.000000     200      400  9.829240e+00  1.045218e+00  6.736466e+00  1.116457e+00  3.092774e+00  7.641654e-01  2.003693e-12  1.864553e-12       5.0     2.806400       2.249500
369  eq5j  eq2b   900.0  1200.000000     400      600  3.569701e+00  4.059975e-01  1.993938e+00  3.537588e-01  1.575763e+00  3.795948e-01  2.003717e-12  1.866315e-12       5.0     2.806400       2.249500
370  eq5j  eq2b   900.0  1200.000000     600      900  1.835620e+00  2.902605e-01  5.173211e-01  1.104316e-01  1.318299e+00  3.493485e-01  1.992590e-12  1.863846e-12       1.0     1.750500       0.632100
371  eq5j  eq2b   900.0  1200.000000     900      Inf  1.523456e-08  1.580849e-09  9.247724e-09  1.507838e-09  5.986836e-09  1.394343e-09  6.011115e-21  0.000000e+00       0.0     1.290400       0.000000
48   eq5j  eq2b  1200.0          inf     200      400  7.024873e-01  1.175416e-01  4.194059e-01  9.078488e-02  2.830814e-01  9.186871e-02  9.999635e-13  1.032174e-12       0.0     1.290400       0.000000
49   eq5j  eq2b  1200.0          inf     400      600  1.032561e+00  1.803390e-01  3.733496e-01  7.823857e-02  6.592112e-01  1.756302e-01  1.000029e-12  1.033401e-12       2.0     2.250400       1.264200
50   eq5j  eq2b  1200.0          inf     600      900  4.467656e-01  9.084224e-02  1.023884e-01  2.198067e-02  3.443772e-01  9.186871e-02  9.999986e-13  1.032661e-12       1.0     1.750500       0.632100
51   eq5j  eq2b  1200.0          inf     900      Inf  2.951142e-01  7.661504e-02  2.780931e-02  7.273897e-03  2.673049e-01  7.688002e-02  1.000009e-12  1.032125e-12       1.0     1.750500       0.632100
200  eq5j  eq3b   400.0   600.000000     200      400  3.131681e+01  2.988500e+00  2.902518e+01  3.930205e+00  2.291629e+00  5.290035e-01  1.767099e-06  1.736414e-06      25.0     5.804900       4.666400
201  eq5j  eq3b   400.0   600.000000     400      600  3.611355e-01  4.724252e-02  2.790192e-01  5.232030e-02  8.211632e-02  2.187706e-02  1.998649e-12  1.943723e-12       1.0     1.750500       0.632100
202  eq5j  eq3b   400.0   600.000000     600      900  3.167795e-08  3.010705e-09  2.930420e-08  3.968556e-09  2.373746e-09  5.462638e-10  1.766468e-15  1.734981e-15       0.0     1.290400       0.000000
203  eq5j  eq3b   400.0   600.000000     900      Inf  3.167795e-08  3.010705e-09  2.930420e-08  3.968556e-09  2.373746e-09  5.462638e-10  1.766468e-15  1.734981e-15       0.0     1.290400       0.000000
296  eq5j  eq3b   600.0   900.000000     200      400  7.608863e+00  8.624103e-01  6.913012e+00  9.935406e-01  6.958518e-01  1.471378e-01  1.031990e-07  9.972846e-08       7.0     3.300600       2.749600
297  eq5j  eq3b   600.0   900.000000     400      600  1.719038e+00  1.864490e-01  1.346298e+00  2.314748e-01  3.727402e-01  7.008107e-02  2.000074e-12  1.730035e-12       3.0     2.301200       1.896400
298  eq5j  eq3b   600.0   900.000000     600      900  1.436632e-01  2.033522e-02  4.911090e-02  1.575115e-02  9.455228e-02  1.997519e-02  1.999943e-12  1.729121e-12       0.0     1.290400       0.000000
299  eq5j  eq3b   600.0   900.000000     900      Inf  9.471564e-09  1.022598e-09  8.308420e-09  1.195148e-09  1.163144e-09  2.205390e-10  1.032102e-16  9.974883e-17       0.0     1.290400       0.000000
400  eq5j  eq3b   900.0          inf     200      400  7.802461e-01  1.822319e-01  5.586854e-01  1.709022e-01  2.215607e-01  6.180997e-02  1.000002e-12  1.190365e-12       0.0     1.290400       0.000000
401  eq5j  eq3b   900.0          inf     400      600  3.647912e-01  7.918796e-02  2.012316e-01  6.369460e-02  1.635596e-01  4.217621e-02  1.000001e-12  1.191013e-12       0.0     1.290400       0.000000
402  eq5j  eq3b   900.0          inf     600      900  1.811151e-01  3.868578e-02  5.382919e-02  1.654391e-02  1.272859e-01  3.375665e-02  9.999969e-13  1.191343e-12       0.0     1.290400       0.000000
403  eq5j  eq3b   900.0          inf     900      Inf  1.326152e-09  2.835730e-10  8.137462e-10  2.442060e-10  5.124062e-10  1.316271e-10  2.999998e-21  0.000000e+00       0.0     1.290400       0.000000
216  eq5j  ge4b   400.0          inf     200      400  1.787095e+00  5.221120e-01  1.596992e+00  5.177140e-01  1.901023e-01  5.197679e-02  1.117990e-07  1.159086e-07       2.0     2.250400       1.264200
217  eq5j  ge4b   400.0          inf     400      600  1.951909e-01  5.124286e-02  1.218636e-01  4.599832e-02  7.332727e-02  1.981316e-02  1.000191e-12  1.036958e-12       1.0     1.750500       0.632100
218  eq5j  ge4b   400.0          inf     600      900  1.982286e-09  5.656157e-10  1.718856e-09  5.579026e-10  2.634296e-10  6.997753e-11  1.118000e-16  1.159097e-16       0.0     1.290400       0.000000
219  eq5j  ge4b   400.0          inf     900      Inf  1.982286e-09  5.656157e-10  1.718856e-09  5.579026e-10  2.634296e-10  6.997753e-11  1.118000e-16  1.159097e-16       0.0     1.290400       0.000000
72   ge2a  eq0b   200.0   400.000000     200      400  1.167895e+05  5.472649e+02  5.202811e+04  2.535807e+03  6.383489e+04  2.622822e+03  9.264813e+02  7.117726e+02  116868.0   341.859620     341.859620
73   ge2a  eq0b   200.0   400.000000     400      600  1.167895e-04  5.544478e-07  5.202811e-05  2.535808e-06  6.383489e-05  2.622822e-06  9.264812e-07  7.429430e-07       0.0     1.290400       0.000000
74   ge2a  eq0b   200.0   400.000000     600      900  1.167895e-04  5.544478e-07  5.202811e-05  2.535808e-06  6.383489e-05  2.622822e-06  9.264812e-07  7.429430e-07       0.0     1.290400       0.000000
75   ge2a  eq0b   200.0   400.000000     900      Inf  1.167895e-04  5.544478e-07  5.202811e-05  2.535808e-06  6.383489e-05  2.622822e-06  9.264812e-07  7.429430e-07       0.0     1.290400       0.000000
132  ge2a  eq0b   400.0   600.000000     200      400  2.932339e+03  4.774603e+01  1.317195e+03  8.240363e+01  1.615144e+03  9.339375e+01  5.045020e-05  9.450080e-05    2932.0    54.147945      54.147945
133  ge2a  eq0b   400.0   600.000000     400      600  2.802542e+03  5.128582e+01  8.330742e+02  8.043942e+01  1.969467e+03  1.108416e+02  4.435978e-05  8.164068e-05    2800.0    52.915026      52.915026
134  ge2a  eq0b   400.0   600.000000     600      900  5.734880e-06  7.124453e-08  2.150269e-06  9.020040e-08  3.584611e-06  1.358875e-07  9.480505e-14  1.807756e-13       0.0     1.290400       0.000000
135  ge2a  eq0b   400.0   600.000000     900      Inf  5.734880e-06  7.124453e-08  2.150269e-06  9.020040e-08  3.584611e-06  1.358875e-07  9.480505e-14  1.807756e-13       0.0     1.290400       0.000000
240  ge2a  eq0b   600.0   900.000000     200      400  6.508154e+01  5.852207e+00  2.320303e+01  2.966253e+00  4.187850e+01  6.749436e+00  7.775722e-07  6.773577e-07      67.0     8.185353       8.185353
241  ge2a  eq0b   600.0   900.000000     400      600  6.667224e+01  3.917891e+00  1.982680e+01  1.565419e+00  4.684544e+01  3.965730e+00  7.478912e-07  8.459682e-07      73.0     8.544004       8.544004
242  ge2a  eq0b   600.0   900.000000     600      900  1.879577e+02  9.661470e+00  4.021104e+01  3.451618e+00  1.477467e+02  9.579232e+00  1.865037e-06  2.115629e-06     177.0    13.304135      13.304135
243  ge2a  eq0b   600.0   900.000000     900      Inf  3.197115e-07  1.317043e-08  8.324088e-08  6.065470e-09  2.364706e-07  1.655019e-08  3.391100e-15  3.518878e-15       0.0     1.290400       0.000000
384  ge2a  eq0b   900.0          inf     200      400  3.032595e+01  4.237208e+00  5.624169e+00  1.373153e+00  2.470179e+01  4.525667e+00  1.000000e-12  7.683736e-13      28.0     5.822300       5.183100
385  ge2a  eq0b   900.0          inf     400      600  5.006231e+01  6.207867e+00  7.675688e+00  1.671257e+00  4.238662e+01  6.200189e+00  1.000000e-12  7.683736e-13      54.0     7.348469       7.348469
386  ge2a  eq0b   900.0          inf     600      900  8.038826e-08  8.464310e-09  1.329986e-08  2.572973e-09  6.708840e-08  8.637037e-09  2.000000e-21  0.000000e+00       0.0     1.290400       0.000000
387  ge2a  eq0b   900.0          inf     900      Inf  8.038826e-08  8.464310e-09  1.329986e-08  2.572973e-09  6.708840e-08  8.637037e-09  2.000000e-21  0.000000e+00       0.0     1.290400       0.000000
88   ge2a  eq1b   200.0   400.000000     200      400  1.637066e+04  1.291716e+02  1.031330e+04  5.321308e+02  5.935955e+03  3.754454e+02  1.214066e+02  9.540131e+01   16307.0   127.698865     127.698865
89   ge2a  eq1b   200.0   400.000000     400      600  1.637066e-05  1.293585e-07  1.031330e-05  5.321308e-07  5.935955e-06  3.754454e-07  1.214066e-07  9.648202e-08       0.0     1.290400       0.000000
90   ge2a  eq1b   200.0   400.000000     600      900  1.637066e-05  1.293585e-07  1.031330e-05  5.321308e-07  5.935955e-06  3.754454e-07  1.214066e-07  9.648202e-08       0.0     1.290400       0.000000
91   ge2a  eq1b   200.0   400.000000     900      Inf  1.637066e-05  1.293585e-07  1.031330e-05  5.321308e-07  5.935955e-06  3.754454e-07  1.214066e-07  9.648202e-08       0.0     1.290400       0.000000
160  ge2a  eq1b   400.0   600.000000     200      400  1.079913e+03  2.401670e+01  8.317415e+02  3.503405e+01  2.481711e+02  2.135090e+01  1.680650e-05  3.252310e-05    1042.0    32.280025      32.280025
161  ge2a  eq1b   400.0   600.000000     400      600  3.290551e+02  1.239058e+01  1.214858e+02  1.160400e+01  2.075694e+02  1.887609e+01  4.761498e-06  7.928124e-06     310.0    17.606817      17.606817
162  ge2a  eq1b   400.0   600.000000     600      900  1.408968e-06  2.752642e-08  9.532273e-07  3.887206e-08  4.557404e-07  3.497379e-08  2.156790e-14  4.049704e-14       0.0     1.290400       0.000000
163  ge2a  eq1b   400.0   600.000000     900      Inf  1.408968e-06  2.752642e-08  9.532273e-07  3.887206e-08  4.557404e-07  3.497379e-08  2.156790e-14  4.049704e-14       0.0     1.290400       0.000000
264  ge2a  eq1b   600.0   900.000000     200      400  2.056790e+01  2.092405e+00  1.358649e+01  1.588377e+00  6.981413e+00  2.131778e+00  1.545701e-07  1.752020e-07      12.0     4.292000       3.170900
265  ge2a  eq1b   600.0   900.000000     400      600  1.313407e+01  1.224153e+00  5.883111e+00  5.501117e-01  7.250962e+00  1.192268e+00  1.315541e-07  1.490700e-07      12.0     4.292000       3.170900
266  ge2a  eq1b   600.0   900.000000     600      900  2.296298e+01  2.728846e+00  6.387632e+00  7.887289e-01  1.657535e+01  2.767914e+00  2.002788e-07  2.269456e-07      22.0     5.315000       4.695700
267  ge2a  eq1b   600.0   900.000000     900      Inf  5.666496e-08  4.563423e-09  2.585723e-08  2.194657e-09  3.080772e-08  5.402744e-09  4.864029e-16  5.511648e-16       0.0     1.290400       0.000000
388  ge2a  eq1b   900.0          inf     200      400  4.761604e+00  1.236708e+00  9.873924e-01  3.053021e-01  3.774212e+00  1.267068e+00  1.000000e-12  7.683736e-13       5.0     2.806400       2.249500
389  ge2a  eq1b   900.0          inf     400      600  8.493858e+00  2.209679e+00  1.148738e+00  3.406610e-01  7.345121e+00  2.246979e+00  1.000000e-12  7.683736e-13       7.0     3.300600       2.749600
390  ge2a  eq1b   900.0          inf     600      900  1.325546e-08  3.295194e-09  2.136130e-09  5.768373e-10  1.111933e-08  3.356243e-09  2.000000e-21  0.000000e+00       0.0     1.290400       0.000000
391  ge2a  eq1b   900.0          inf     900      Inf  1.325546e-08  3.295194e-09  2.136130e-09  5.768373e-10  1.111933e-08  3.356243e-09  2.000000e-21  0.000000e+00       0.0     1.290400       0.000000
100  ge2a  eq2b   200.0   400.000000     200      400  2.173750e+03  3.151680e+01  1.541960e+03  9.651270e+01  6.151103e+02  3.977776e+01  1.668061e+01  1.381308e+01    2200.0    46.904158      46.904158
101  ge2a  eq2b   200.0   400.000000     400      600  2.173751e-06  3.151247e-08  1.541960e-06  9.651269e-08  6.151103e-07  3.977776e-08  1.668061e-08  1.390316e-08       0.0     1.290400       0.000000
102  ge2a  eq2b   200.0   400.000000     600      900  2.173751e-06  3.151247e-08  1.541960e-06  9.651269e-08  6.151103e-07  3.977776e-08  1.668061e-08  1.390316e-08       0.0     1.290400       0.000000
103  ge2a  eq2b   200.0   400.000000     900      Inf  2.173751e-06  3.151247e-08  1.541960e-06  9.651269e-08  6.151103e-07  3.977776e-08  1.668061e-08  1.390316e-08       0.0     1.290400       0.000000
184  ge2a  eq2b   400.0   600.000000     200      400  3.925751e+02  1.136410e+01  3.545942e+02  1.558939e+01  3.798093e+01  3.242893e+00  6.438217e-06  1.228908e-05     410.0    20.248457      20.248457
185  ge2a  eq2b   400.0   600.000000     400      600  2.850797e+01  1.266518e+00  1.095298e+01  1.183067e+00  1.755500e+01  1.785033e+00  4.129815e-07  6.444147e-07      35.0     5.916080       5.916080
186  ge2a  eq2b   400.0   600.000000     600      900  4.210831e-07  1.150492e-08  3.655471e-07  1.616564e-08  5.553593e-08  4.464500e-09  6.846019e-15  1.309570e-14       0.0     1.290400       0.000000
187  ge2a  eq2b   400.0   600.000000     900      Inf  4.210831e-07  1.150492e-08  3.655471e-07  1.616564e-08  5.553593e-08  4.464500e-09  6.846019e-15  1.309570e-14       0.0     1.290400       0.000000
284  ge2a  eq2b   600.0   900.000000     200      400  6.321484e+00  7.931733e-01  5.390697e+00  8.070247e-01  9.307872e-01  2.406042e-01  2.000000e-12  1.787918e-12       5.0     2.806400       2.249500
285  ge2a  eq2b   600.0   900.000000     400      600  2.365549e+00  2.687329e-01  1.429127e+00  2.185037e-01  9.364223e-01  1.561116e-01  2.000000e-12  1.787701e-12       3.0     2.301200       1.896400
286  ge2a  eq2b   600.0   900.000000     600      900  1.842672e+00  2.460408e-01  4.293877e-01  8.152344e-02  1.413285e+00  2.461679e-01  2.000000e-12  1.787701e-12       2.0     2.250400       1.264200
287  ge2a  eq2b   600.0   900.000000     900      Inf  1.052971e-08  1.093432e-09  7.249211e-09  1.005845e-09  3.280494e-09  5.764650e-10  6.000000e-21  0.000000e+00       0.0     1.290400       0.000000
392  ge2a  eq2b   900.0          inf     200      400  1.005696e+00  2.917626e-01  7.386007e-01  2.834000e-01  2.670953e-01  9.334262e-02  9.999877e-13  7.689370e-13       1.0     1.750500       0.632100
393  ge2a  eq2b   900.0          inf     400      600  7.664965e-01  1.931857e-01  2.791098e-01  1.148324e-01  4.873868e-01  1.538053e-01  1.000012e-12  7.678938e-13       0.0     1.290400       0.000000
394  ge2a  eq2b   900.0          inf     600      900  1.772193e-09  4.470347e-10  1.017710e-09  3.820146e-10  7.544821e-10  2.284284e-10  2.000011e-21  0.000000e+00       0.0     1.290400       0.000000
395  ge2a  eq2b   900.0          inf     900      Inf  1.772193e-09  4.470347e-10  1.017710e-09  3.820146e-10  7.544821e-10  2.284284e-10  2.000011e-21  0.000000e+00       0.0     1.290400       0.000000
108  ge2a  eq3b   200.0   400.000000     200      400  8.005609e+01  5.422617e+00  7.002057e+01  1.032401e+01  9.410714e+00  7.831120e-01  6.248086e-01  5.597575e-01      92.0     9.591663       9.591663
109  ge2a  eq3b   200.0   400.000000     400      600  8.005610e-08  5.422183e-09  7.002058e-08  1.032401e-08  9.410714e-09  7.831119e-10  6.248086e-10  5.600619e-10       0.0     1.290400       0.000000
110  ge2a  eq3b   200.0   400.000000     600      900  8.005610e-08  5.422183e-09  7.002058e-08  1.032401e-08  9.410714e-09  7.831119e-10  6.248086e-10  5.600619e-10       0.0     1.290400       0.000000
111  ge2a  eq3b   200.0   400.000000     900      Inf  8.005610e-08  5.422183e-09  7.002058e-08  1.032401e-08  9.410714e-09  7.831119e-10  6.248086e-10  5.600619e-10       0.0     1.290400       0.000000
204  ge2a  eq3b   400.0   600.000000     200      400  4.022531e+01  3.122655e+00  3.798525e+01  3.844208e+00  2.240064e+00  1.939013e-01  4.885999e-07  1.033031e-06      38.0     6.164414       6.164414
205  ge2a  eq3b   400.0   600.000000     400      600  8.724359e-01  9.944010e-02  5.675292e-01  1.038397e-01  3.049067e-01  4.287562e-02  1.999726e-12  2.792012e-12       2.0     2.250400       1.264200
206  ge2a  eq3b   400.0   600.000000     600      900  4.109775e-08  3.154223e-09  3.855277e-08  3.910859e-09  2.544971e-09  2.213095e-10  4.885072e-16  1.036046e-15       0.0     1.290400       0.000000
207  ge2a  eq3b   400.0   600.000000     900      Inf  4.109775e-08  3.154223e-09  3.855277e-08  3.910859e-09  2.544971e-09  2.213095e-10  4.885072e-16  1.036046e-15       0.0     1.290400       0.000000
316  ge2a  eq3b   600.0          inf     200      400  1.447758e+00  3.251611e-01  1.381350e+00  3.244175e-01  6.640872e-02  1.576372e-02  1.000000e-12  1.018570e-12       1.0     1.750500       0.632100
317  ge2a  eq3b   600.0          inf     400      600  2.553455e-01  5.507372e-02  2.117217e-01  5.367939e-02  4.362376e-02  8.115443e-03  1.000000e-12  1.018570e-12       0.0     1.290400       0.000000
318  ge2a  eq3b   600.0          inf     600      900  1.550028e-01  2.652236e-02  8.451891e-02  2.210511e-02  7.048389e-02  1.378761e-02  1.000000e-12  1.018570e-12       0.0     1.290400       0.000000
319  ge2a  eq3b   600.0          inf     900      Inf  1.858107e-09  3.946416e-10  1.677590e-09  3.905577e-10  1.805164e-10  3.306767e-11  3.000000e-21  0.000000e+00       0.0     1.290400       0.000000
136  ge6j  eq0b   400.0   600.000000     200      400  1.548588e+02  1.161432e+01  9.349033e+01  1.163088e+01  6.136827e+01  1.323531e+01  2.019094e-04  1.846680e-04     164.0    12.806248      12.806248
137  ge6j  eq0b   400.0   600.000000     400      600  1.548588e-07  1.161431e-08  9.349033e-08  1.163088e-08  6.136827e-08  1.323531e-08  2.019094e-13  2.869591e-13       0.0     1.290400       0.000000
138  ge6j  eq0b   400.0   600.000000     600      900  1.548588e-07  1.161431e-08  9.349033e-08  1.163088e-08  6.136827e-08  1.323531e-08  2.019094e-13  2.869591e-13       0.0     1.290400       0.000000
139  ge6j  eq0b   400.0   600.000000     900      Inf  1.548588e-07  1.161431e-08  9.349033e-08  1.163088e-08  6.136827e-08  1.323531e-08  2.019094e-13  2.869591e-13       0.0     1.290400       0.000000
244  ge6j  eq0b   600.0   900.000000     200      400  2.147130e+02  1.638231e+01  1.164228e+02  1.207560e+01  8.381767e+01  2.159776e+01  1.447250e+01  1.666298e+01     210.0    14.491377      14.491377
245  ge6j  eq0b   600.0   900.000000     400      600  5.872931e+01  8.821683e+00  2.136915e+01  3.871536e+00  3.442498e+01  1.151338e+01  2.935175e+00  3.361303e+00      56.0     7.483315       7.483315
246  ge6j  eq0b   600.0   900.000000     600      900  2.739676e-07  1.704153e-08  1.377920e-07  1.380436e-08  1.182426e-07  2.369183e-08  1.793296e-08  2.033433e-08       0.0     1.290400       0.000000
247  ge6j  eq0b   600.0   900.000000     900      Inf  2.739676e-07  1.704153e-08  1.377920e-07  1.380436e-08  1.182426e-07  2.369183e-08  1.793296e-08  2.033433e-08       0.0     1.290400       0.000000
336  ge6j  eq0b   900.0  1200.000000     200      400  6.466136e+01  6.216145e+00  3.886102e+01  5.622964e+00  2.564214e+01  8.387702e+00  1.582079e-01  1.435969e-01      64.0     8.000000       8.000000
337  ge6j  eq0b   900.0  1200.000000     400      600  3.031776e+01  4.102978e+00  1.067954e+01  1.898486e+00  1.957083e+01  6.671206e+00  6.739387e-02  5.905973e-02      35.0     5.916080       5.916080
338  ge6j  eq0b   900.0  1200.000000     600      900  6.531423e+00  1.589720e+00  1.544470e+00  3.626220e-01  4.976756e+00  1.621181e+00  1.019638e-02  1.078211e-02       6.0     3.278300       2.176900
339  ge6j  eq0b   900.0  1200.000000     900      Inf  1.015105e-07  9.028739e-09  5.108502e-08  7.290066e-09  5.018972e-08  1.482209e-08  2.357986e-10  2.126934e-10       0.0     1.290400       0.000000
16   ge6j  eq0b  1200.0          inf     200      400  1.248498e+01  2.062344e+00  6.972692e+00  1.232991e+00  5.420967e+00  2.101950e+00  9.131940e-02  1.023525e-01      12.0     4.292000       3.170900
17   ge6j  eq0b  1200.0          inf     400      600  1.474955e+01  1.950543e+00  4.555804e+00  7.774144e-01  1.010964e+01  1.897889e+00  8.410517e-02  9.429527e-02       9.0     3.790500       2.665800
18   ge6j  eq0b  1200.0          inf     600      900  9.209347e+00  1.629251e+00  1.512784e+00  3.064955e-01  7.653580e+00  1.640488e+00  4.298209e-02  4.823524e-02      11.0     3.819400       3.193600
19   ge6j  eq0b  1200.0          inf     900      Inf  3.755116e+00  8.513526e-01  4.787562e-01  1.273121e-01  3.262499e+00  8.668176e-01  1.386061e-02  1.553908e-02       5.0     2.806400       2.249500
164  ge6j  eq1b   400.0   600.000000     200      400  1.345758e+02  8.186397e+00  1.066433e+02  9.329210e+00  2.793234e+01  7.122367e+00  1.399996e-04  1.281616e-04     121.0    11.000000      11.000000
165  ge6j  eq1b   400.0   600.000000     400      600  1.345758e-07  8.186399e-09  1.066433e-07  9.329210e-09  2.793234e-08  7.122368e-09  1.399996e-13  1.275147e-13       0.0     1.290400       0.000000
166  ge6j  eq1b   400.0   600.000000     600      900  1.345758e-07  8.186399e-09  1.066433e-07  9.329210e-09  2.793234e-08  7.122368e-09  1.399996e-13  1.275147e-13       0.0     1.290400       0.000000
167  ge6j  eq1b   400.0   600.000000     900      Inf  1.345758e-07  8.186399e-09  1.066433e-07  9.329210e-09  2.793234e-08  7.122368e-09  1.399996e-13  1.275147e-13       0.0     1.290400       0.000000
268  ge6j  eq1b   600.0   900.000000     200      400  1.472104e+02  9.693858e+00  1.174381e+02  1.039595e+01  2.180971e+01  7.768428e+00  7.962578e+00  9.414755e+00     148.0    12.165525      12.165525
269  ge6j  eq1b   600.0   900.000000     400      600  2.555894e+01  3.005868e+00  1.432402e+01  2.167276e+00  9.991526e+00  3.541088e+00  1.243387e+00  1.328023e+00      26.0     5.811000       5.200900
270  ge6j  eq1b   600.0   900.000000     600      900  1.727774e-07  1.150405e-08  1.317621e-07  1.160252e-08  3.180123e-08  1.078109e-08  9.214062e-09  1.067478e-08       0.0     1.290400       0.000000
271  ge6j  eq1b   600.0   900.000000     900      Inf  1.727774e-07  1.150405e-08  1.317621e-07  1.160252e-08  3.180123e-08  1.078109e-08  9.214062e-09  1.067478e-08       0.0     1.290400       0.000000
356  ge6j  eq1b   900.0  1200.000000     200      400  3.725087e+01  3.665188e+00  2.819292e+01  3.949157e+00  8.987523e+00  3.598264e+00  7.042580e-02  6.471201e-02      42.0     6.480741       6.480741
357  ge6j  eq1b   900.0  1200.000000     400      600  1.396957e+01  1.888185e+00  6.382635e+00  1.103131e+00  7.563761e+00  2.611193e+00  2.317428e-02  2.042491e-02      12.0     4.292000       3.170900
358  ge6j  eq1b   900.0  1200.000000     600      900  2.054436e+00  5.128773e-01  6.484606e-01  1.535126e-01  1.403170e+00  5.121599e-01  2.805396e-03  2.949414e-03       0.0     1.290400       0.000000
359  ge6j  eq1b   900.0  1200.000000     900      Inf  5.327487e-08  5.229062e-09  3.522401e-08  4.863534e-09  1.795445e-08  6.168366e-09  9.640629e-11  8.771509e-11       0.0     1.290400       0.000000
36   ge6j  eq1b  1200.0          inf     200      400  4.826692e+00  7.544997e-01  3.511796e+00  6.198863e-01  1.277442e+00  6.415802e-01  3.745396e-02  4.194783e-02       6.0     3.278300       2.176900
37   ge6j  eq1b  1200.0          inf     400      600  4.453095e+00  8.466224e-01  2.048615e+00  3.729891e-01  2.374584e+00  7.995426e-01  2.989597e-02  3.356312e-02       5.0     2.806400       2.249500
38   ge6j  eq1b  1200.0          inf     600      900  2.409816e+00  6.325753e-01  5.814219e-01  1.258653e-01  1.815215e+00  6.364734e-01  1.317867e-02  1.477980e-02       5.0     2.806400       2.249500
39   ge6j  eq1b  1200.0          inf     900      Inf  9.637024e-01  3.041527e-01  1.698701e-01  4.799657e-02  7.895918e-01  3.079632e-01  4.240486e-03  4.753306e-03       0.0     1.290400       0.000000
188  ge6j  eq2b   400.0   600.000000     200      400  7.075284e+01  5.811117e+00  6.364345e+01  7.186329e+00  7.109314e+00  1.852010e+00  7.234978e-05  6.626934e-05      58.0     7.615773       7.615773
189  ge6j  eq2b   400.0   600.000000     400      600  7.075283e-08  5.811116e-09  6.364345e-08  7.186328e-09  7.109314e-09  1.852010e-09  7.234978e-14  6.598214e-14       0.0     1.290400       0.000000
190  ge6j  eq2b   400.0   600.000000     600      900  7.075283e-08  5.811116e-09  6.364345e-08  7.186328e-09  7.109314e-09  1.852010e-09  7.234978e-14  6.598214e-14       0.0     1.290400       0.000000
191  ge6j  eq2b   400.0   600.000000     900      Inf  7.075283e-08  5.811116e-09  6.364345e-08  7.186328e-09  7.109314e-09  1.852010e-09  7.234978e-14  6.598214e-14       0.0     1.290400       0.000000
288  ge6j  eq2b   600.0   900.000000     200      400  7.631020e+01  5.270311e+00  6.686828e+01  6.054080e+00  5.606577e+00  2.021329e+00  3.835352e+00  4.603464e+00      85.0     9.219544       9.219544
289  ge6j  eq2b   600.0   900.000000     400      600  9.003926e+00  8.716791e-01  6.441366e+00  9.620069e-01  2.149361e+00  7.683595e-01  4.131995e-01  4.352454e-01       8.0     3.318700       2.698800
290  ge6j  eq2b   600.0   900.000000     600      900  8.531447e-08  5.680214e-09  7.330964e-08  6.621316e-09  7.755937e-09  2.665442e-09  4.248890e-09  5.027401e-09       0.0     1.290400       0.000000
291  ge6j  eq2b   600.0   900.000000     900      Inf  8.531447e-08  5.680214e-09  7.330964e-08  6.621316e-09  7.755937e-09  2.665442e-09  4.248890e-09  5.027401e-09       0.0     1.290400       0.000000
372  ge6j  eq2b   900.0  1200.000000     200      400  1.638926e+01  1.689138e+00  1.428744e+01  2.107343e+00  2.071827e+00  8.253100e-01  2.999374e-02  2.789568e-02      11.0     3.819400       3.193600
373  ge6j  eq2b   900.0  1200.000000     400      600  4.548064e+00  5.325189e-01  2.956886e+00  5.292067e-01  1.583518e+00  5.481556e-01  7.659109e-03  6.902470e-03       3.0     2.301200       1.896400
374  ge6j  eq2b   900.0  1200.000000     600      900  5.854176e-01  1.322082e-01  2.528209e-01  6.214301e-02  3.317929e-01  1.239113e-01  8.038035e-04  8.475637e-04       0.0     1.290400       0.000000
375  ge6j  eq2b   900.0  1200.000000     900      Inf  2.152274e-08  2.075323e-09  1.749715e-08  2.536899e-09  3.987138e-09  1.370593e-09  3.845666e-11  3.564525e-11       0.0     1.290400       0.000000
52   ge6j  eq2b  1200.0          inf     200      400  1.768841e+00  2.646084e-01  1.533412e+00  2.673014e-01  2.228711e-01  1.152031e-01  1.255780e-02  1.407033e-02       0.0     1.290400       0.000000
53   ge6j  eq2b  1200.0          inf     400      600  1.203661e+00  2.050769e-01  7.489425e-01  1.528570e-01  4.464771e-01  1.517313e-01  8.241354e-03  9.249469e-03       0.0     1.290400       0.000000
54   ge6j  eq2b  1200.0          inf     600      900  5.689578e-01  1.420794e-01  1.645611e-01  4.012711e-02  4.013081e-01  1.418385e-01  3.088554e-03  3.463614e-03       2.0     2.250400       1.264200
55   ge6j  eq2b  1200.0          inf     900      Inf  2.132783e-01  6.025364e-02  5.792247e-02  1.829152e-02  1.544112e-01  6.044022e-02  9.446443e-04  1.058841e-03       0.0     1.290400       0.000000
208  ge6j  eq3b   400.0   600.000000     200      400  8.551350e+00  1.306515e+00  7.701934e+00  1.843498e+00  8.494059e-01  2.312035e-01  9.466971e-06  8.687957e-06      14.0     4.315200       3.699400
209  ge6j  eq3b   400.0   600.000000     400      600  8.551350e-09  1.306515e-09  7.701934e-09  1.843499e-09  8.494059e-10  2.312034e-10  9.466971e-15  8.685686e-15       0.0     1.290400       0.000000
210  ge6j  eq3b   400.0   600.000000     600      900  8.551350e-09  1.306515e-09  7.701934e-09  1.843499e-09  8.494059e-10  2.312034e-10  9.466971e-15  8.685686e-15       0.0     1.290400       0.000000
211  ge6j  eq3b   400.0   600.000000     900      Inf  8.551350e-09  1.306515e-09  7.701934e-09  1.843499e-09  8.494059e-10  2.312034e-10  9.466971e-15  8.685686e-15       0.0     1.290400       0.000000
300  ge6j  eq3b   600.0   900.000000     200      400  1.075577e+01  1.227917e+00  9.595138e+00  1.475855e+00  6.012725e-01  2.223513e-01  5.593581e-01  6.669440e-01      20.0     5.300300       4.169000
301  ge6j  eq3b   600.0   900.000000     400      600  1.159809e+00  1.486293e-01  8.951979e-01  1.749434e-01  2.111248e-01  7.551611e-02  5.348575e-02  5.699216e-02       3.0     2.301200       1.896400
302  ge6j  eq3b   600.0   900.000000     600      900  1.191558e-08  1.327981e-09  1.049034e-08  1.608509e-09  8.123973e-10  2.846141e-10  6.128448e-10  7.224402e-10       0.0     1.290400       0.000000
303  ge6j  eq3b   600.0   900.000000     900      Inf  1.191558e-08  1.327981e-09  1.049034e-08  1.608509e-09  8.123973e-10  2.846141e-10  6.128448e-10  7.224402e-10       0.0     1.290400       0.000000
376  ge6j  eq3b   900.0  1200.000000     200      400  2.799220e+00  5.253191e-01  2.552145e+00  6.536866e-01  2.421551e-01  9.765615e-02  4.919420e-03  4.582782e-03       4.0     2.776400       1.664100
377  ge6j  eq3b   900.0  1200.000000     400      600  6.289324e-01  1.062590e-01  4.378249e-01  1.278234e-01  1.899699e-01  6.592980e-02  1.137649e-03  1.037852e-03       0.0     1.290400       0.000000
378  ge6j  eq3b   900.0  1200.000000     600      900  9.447917e-02  2.353609e-02  6.030813e-02  2.092817e-02  3.403532e-02  1.263607e-02  1.357119e-04  1.427889e-04       0.0     1.290400       0.000000
379  ge6j  eq3b   900.0  1200.000000     900      Inf  3.522631e-09  6.272594e-10  3.050278e-09  7.806692e-10  4.661603e-10  1.618016e-10  6.192780e-12  5.757975e-12       0.0     1.290400       0.000000
56   ge6j  eq3b  1200.0          inf     200      400  2.781744e-01  7.084053e-02  2.566518e-01  7.176469e-02  1.957241e-02  1.087800e-02  1.950123e-03  2.186425e-03       1.0     1.750500       0.632100
57   ge6j  eq3b  1200.0          inf     400      600  1.704293e-01  3.850326e-02  1.255189e-01  3.679854e-02  4.370606e-02  1.521382e-02  1.204373e-03  1.350328e-03       0.0     1.290400       0.000000
58   ge6j  eq3b  1200.0          inf     600      900  7.306111e-02  1.775635e-02  2.535748e-02  8.653867e-03  4.728993e-02  1.709153e-02  4.136978e-04  4.639324e-04       1.0     1.750500       0.632100
59   ge6j  eq3b  1200.0          inf     900      Inf  2.569139e-02  7.651158e-03  6.448200e-03  2.507048e-03  1.912144e-02  7.646443e-03  1.217549e-04  1.365077e-04       0.0     1.290400       0.000000
212  ge6j  ge4b   400.0   600.000000     200      400  1.628703e+00  4.969678e-01  1.456977e+00  4.965408e-01  1.717239e-01  1.931425e-02  2.537005e-06  1.941042e-06       4.0     2.776400       1.664100
213  ge6j  ge4b   400.0   600.000000     400      600  1.628704e-09  4.969677e-10  1.456977e-09  4.965407e-10  1.717239e-10  1.931426e-11  2.537004e-15  1.941416e-15       0.0     1.290400       0.000000
214  ge6j  ge4b   400.0   600.000000     600      900  1.628704e-09  4.969677e-10  1.456977e-09  4.965407e-10  1.717239e-10  1.931426e-11  2.537004e-15  1.941416e-15       0.0     1.290400       0.000000
215  ge6j  ge4b   400.0   600.000000     900      Inf  1.628704e-09  4.969677e-10  1.456977e-09  4.965407e-10  1.717239e-10  1.931426e-11  2.537004e-15  1.941416e-15       0.0     1.290400       0.000000