     njet  bjet  ht_low      ht_high  mht_bin  mht_low    mht_high            bkg       bkg_err         bkgTtw    bkgTtw_err        bkgZinv   bkgZinv_err        bkgQcd    bkgQcd_err      data  data_err_up  data_err_down
0    eq1j  eq0b   200.0   400.000000        0      200         inf  254856.062500  30252.210360  106468.924072  15582.142920  148286.030762  15648.955952  1.011181e+02  9.479428e+01  291353.0   539.771248     539.771248
1    eq1j  eq0b   400.0   600.000000        0      400         inf    7342.193848    610.368118    2046.065643    299.470271    5295.739380    356.184072  3.891000e-01  3.478463e-01    8572.0    92.585096      92.585096
2    eq1j  eq0b   600.0   900.000000        0      600         inf     680.055298    206.426076     135.832497     50.333906     544.187103    139.906597  3.570000e-02  3.324973e-02     878.0    29.631065      29.631065
3    eq1j  eq0b   900.0          inf        0      900         inf      56.934498     31.610115       7.388700      5.291219      49.545799     26.469701  1.000000e-12  1.101668e-12      57.0     7.549834       7.549834
4    eq1j  eq1b   200.0   400.000000        0      200         inf    8864.285156   1044.899612    2980.197578    427.267478    5880.569885    635.334686  3.517200e+00  3.260837e+00   11072.0   105.223572     105.223572
5    eq1j  eq1b   400.0   600.000000        0      400         inf     334.577576     32.378950      87.164502     13.158535     247.395290     20.605810  1.780000e-02  1.585494e-02     406.0    20.149442      20.149442
6    eq1j  eq1b   600.0          inf        0      600         inf      41.520100     13.149997       7.202900      2.756497      34.314999     10.557877  2.200000e-03  2.148273e-03      71.0     8.426150       8.426150
7    eq2j  eq0b   200.0   400.000000        0      200         inf   29224.531250   6798.583570   12906.873413   2702.486027   16221.455566   3039.729061  9.620200e+01  8.273159e+01   34934.0   186.906394     186.906394
8    eq2j  eq0b   400.0   600.000000        0      200  400.000000    3274.273438    759.706865    1226.384644    297.185883    1968.364197    465.702424  7.952469e+01  6.531241e+01    3468.0    58.889727      58.889727
9    eq2j  eq0b   400.0   600.000000        1      400         inf    2176.893066    560.180774     644.049347    194.071522    1479.979492    378.718385  5.286411e+01  4.272799e+01    2568.0    50.675438      50.675438
10   eq2j  eq0b   600.0   900.000000        0      200  400.000000     276.672485     73.953216     102.961299     29.182215     166.991512     52.904443  6.719683e+00  5.151760e+00     226.0    15.033296      15.033296
11   eq2j  eq0b   600.0   900.000000        1      400  600.000000     268.382141     65.098464      76.048946     21.607595     185.813478     42.007027  6.519713e+00  4.972586e+00     253.0    15.905974      15.905974
12   eq2j  eq0b   600.0   900.000000        2      600         inf     284.567871    110.911913      57.184454     26.112947     220.472107     77.632856  6.911304e+00  5.210749e+00     303.0    17.406895      17.406895
13   eq2j  eq0b   900.0  1200.000000        0      200  400.000000     179.342911     54.620063      67.133066     21.331415     112.209850     37.430836  8.130696e-07  7.613074e-07     165.0    12.845233      12.845233
14   eq2j  eq0b   900.0  1200.000000        1      400  600.000000     130.910461     34.610272      37.062791     12.240959      93.847662     21.153508  5.936437e-07  5.424976e-07     125.0    11.180340      11.180340
15   eq2j  eq0b   900.0  1200.000000        2      600  900.000000      78.662025     35.510936      17.927604      9.367331      60.734421     24.845191  3.565847e-07  3.265927e-07      97.0     9.848858       9.848858
16   eq2j  eq0b   900.0  1200.000000        3      900         inf      29.319504     19.349920       4.602739      3.436067      24.716763     14.998638  1.999686e-12  1.792693e-12      25.0     5.804900       4.666400
17   eq2j  eq0b  1200.0          inf        0      200  400.000000      11.844943      5.120180       3.872048      1.655402       7.972895      4.335165  1.398893e-07  1.615246e-07       9.0     3.790500       2.665800
18   eq2j  eq0b  1200.0          inf        1      400  600.000000      33.415726      9.727563       8.626811      3.012879      24.788914      7.132917  3.946473e-07  4.556838e-07      26.0     5.811000       5.200900
19   eq2j  eq0b  1200.0          inf        2      600  900.000000      28.036396     12.942392       5.915892      3.369285      22.120504      9.767597  3.311000e-07  3.823082e-07      22.0     5.315000       4.695700
20   eq2j  eq0b  1200.0          inf        3      900         inf      20.860136     16.663313       3.460649      3.065920      17.399487     14.022676  2.463634e-07  2.844661e-07      19.0     4.824700       4.180600
21   eq2j  eq1b   200.0   400.000000        0      200         inf    3006.599365    674.894066    1693.313309    329.602485    1303.375885    245.725000  9.910000e+00  8.661269e+00    3850.0    62.048368      62.048368
22   eq2j  eq1b   400.0   600.000000        0      200  400.000000     277.423340     65.348506      95.330492     23.885238     175.354031     41.737255  6.738821e+00  5.431669e+00     327.0    18.083141      18.083141
23   eq2j  eq1b   400.0   600.000000        1      400         inf     219.277649     55.100065      80.366211     20.848413     133.569763     34.462326  5.341679e+00  4.361015e+00     240.0    15.491933      15.491933
24   eq2j  eq1b   600.0   900.000000        0      200  400.000000      26.894402      7.146023       9.276897      2.634107      16.964086      5.184259  6.534185e-01  4.960052e-01      22.0     5.315000       4.695700
25   eq2j  eq1b   600.0   900.000000        1      400  600.000000      25.533554      6.259150       7.356727      2.103355      17.559232      4.024499  6.175954e-01  4.717414e-01      39.0     6.244998       6.244998
26   eq2j  eq1b   600.0   900.000000        2      600         inf      27.132145     10.129688       6.968476      2.574914      19.504182      6.984202  6.594861e-01  4.976062e-01      31.0     5.567764       5.567764
27   eq2j  eq1b   900.0  1200.000000        0      200  400.000000      19.311907      5.842090       6.770900      2.108479      12.541007      4.052610  2.000000e-12  1.786650e-12      17.0     4.808400       4.209500
28   eq2j  eq1b   900.0  1200.000000        1      400  600.000000      14.912960      4.046110       5.188745      1.704716       9.724215      2.228229  2.000000e-12  1.785966e-12      15.0     4.324900       3.681300
29   eq2j  eq1b   900.0  1200.000000        2      600  900.000000       7.421590      3.275714       1.260451      0.620916       6.161139      2.487323  2.000000e-12  1.785896e-12      12.0     4.292000       3.170900
30   eq2j  eq1b   900.0  1200.000000        3      900         inf       3.167643      2.091362       0.541803      0.389092       2.625839      1.618854  2.000000e-12  1.786846e-12       6.0     3.278300       2.176900
31   eq2j  eq1b  1200.0          inf        0      200  400.000000       1.129397      0.482967       0.400242      0.170870       0.729155      0.399159  1.000000e-12  1.154225e-12       1.0     1.750500       0.632100
32   eq2j  eq1b  1200.0          inf        1      400  600.000000       3.401823      0.979929       1.098452      0.363727       2.303371      0.664824  1.000000e-12  1.155141e-12       6.0     3.278300       2.176900
33   eq2j  eq1b  1200.0          inf        2      600  900.000000       2.095644      0.943942       0.484262      0.268616       1.611382      0.692164  1.000000e-12  1.154546e-12       1.0     1.750500       0.632100
34   eq2j  eq1b  1200.0          inf        3      900         inf       1.961936      1.559752       0.318444      0.282761       1.643493      1.317633  1.000000e-12  1.154745e-12       4.0     2.776400       1.664100
35   eq2j  eq2b   200.0   400.000000        0      200         inf     196.081604     44.410533      87.529998     17.416759     107.912103     20.848921  6.395000e-01  5.694136e-01     254.0    15.937377      15.937377
36   eq2j  eq2b   400.0   600.000000        0      200  400.000000      13.206952      3.228058       3.019344      0.799977       9.867221      2.485079  3.203874e-01  2.597293e-01      22.0     5.315000       4.695700
37   eq2j  eq2b   400.0   600.000000        1      400         inf      15.174548      3.776578       3.803856      0.995631      11.010079      2.733231  3.606126e-01  2.926925e-01      18.0     4.816900       4.194000
38   eq2j  eq2b   600.0          inf        0      200  400.000000       1.806197      0.524521       0.588404      0.182369       1.173912      0.418770  4.388116e-02  3.245791e-02       1.0     1.750500       0.632100
39   eq2j  eq2b   600.0          inf        1      400  600.000000       1.887816      0.465346       0.467125      0.150635       1.372812      0.331846  4.787914e-02  3.549971e-02       2.0     2.250400       1.264200
40   eq2j  eq2b   600.0          inf        2      600         inf       2.329787      0.929936       0.536672      0.232089       1.736376      0.744431  5.673970e-02  4.211054e-02       2.0     2.250400       1.264200
41   eq3j  eq0b   200.0   400.000000        0      200         inf   10504.310547   1860.338206    4904.995406    878.841416    5452.843795    800.398616  1.464714e+02  1.069877e+02   11815.0   108.696826     108.696826
42   eq3j  eq0b   400.0   600.000000        0      200  400.000000    6666.887207   1143.025459    2859.054077    551.980362    3782.475769    583.538332  2.535759e+01  2.270472e+01    7120.0    84.380092      84.380092
43   eq3j  eq0b   400.0   600.000000        1      400         inf    1391.039062    288.236951     446.572525     97.384292     939.175201    214.318017  5.291308e+00  5.215532e+00    1463.0    38.249183      38.249183
44   eq3j  eq0b   600.0   900.000000        0      200  400.000000     698.526306    132.219949     276.028152     56.840609     422.498085     90.906912  1.202308e-05  1.037850e-05     668.0    25.845696      25.845696
45   eq3j  eq0b   600.0   900.000000        1      400  600.000000     581.963928    123.520514     172.604366     40.139537     409.359520     84.179894  1.001787e-05  8.508323e-06     593.0    24.351591      24.351591
46   eq3j  eq0b   600.0   900.000000        2      600         inf     231.412369     91.191824      55.186377     21.081474     176.225998     64.133207  3.983050e-06  3.182206e-06     246.0    15.684387      15.684387
47   eq3j  eq0b   900.0  1200.000000        0      200  400.000000     275.292480     47.598032     103.016832     20.756620     172.275631     35.268863  4.883708e-07  4.599254e-07     245.0    15.652476      15.652476
48   eq3j  eq0b   900.0  1200.000000        1      400  600.000000     182.343445     31.093277      50.524313     11.644454     131.819134     20.410496  3.234842e-07  2.967569e-07     164.0    12.806248      12.806248
49   eq3j  eq0b   900.0  1200.000000        2      600  900.000000     109.839798     42.126981      23.343927     10.032147      86.495869     30.358765  1.359430e-07  1.436373e-07     101.0    10.049876      10.049876
50   eq3j  eq0b   900.0  1200.000000        3      900         inf      28.202389     16.365617       5.558828      3.163781      22.643562     12.340489  2.000105e-12  1.744174e-12      19.0     4.824700       4.180600
51   eq3j  eq0b  1200.0          inf        0      200  400.000000      22.514194      6.464624       7.064362      1.833551      15.122705      5.499966  3.271275e-01  2.918509e-01      21.0     5.307900       4.708000
52   eq3j  eq0b  1200.0          inf        1      400  600.000000      54.175392     10.991641      15.904078      4.360639      37.483879      7.259729  7.874327e-01  6.979024e-01      28.0     5.822300       5.183100
53   eq3j  eq0b  1200.0          inf        2      600  900.000000      36.125881     13.327495       8.678499      3.553043      26.922415     10.073689  5.249678e-01  4.668196e-01      31.0     5.567764       5.567764
54   eq3j  eq0b  1200.0          inf        3      900         inf      21.964535     15.580591       3.285861      2.719734      18.359503     13.117096  3.191721e-01  2.840131e-01      17.0     4.808400       4.209500
55   eq3j  eq1b   200.0   400.000000        0      200         inf    2242.583496    400.013650    1576.938246    269.058074     634.330600     93.816393  3.131460e+01  2.268522e+01    2703.0    51.990384      51.990384
56   eq3j  eq1b   400.0   600.000000        0      200  400.000000    1125.797363    197.151293     649.561874    121.781232     471.946953     75.310615  4.288563e+00  3.867424e+00    1212.0    34.813790      34.813790
57   eq3j  eq1b   400.0   600.000000        1      400         inf     222.356766     42.461713     102.881210     19.760365     118.629227     26.787735  8.463370e-01  7.908803e-01     301.0    17.349352      17.349352
58   eq3j  eq1b   600.0   900.000000        0      200  400.000000      94.625496     18.251164      38.354594      8.251055      56.270907     12.289301  1.629169e-06  1.405252e-06     110.0    10.488088      10.488088
59   eq3j  eq1b   600.0   900.000000        1      400  600.000000      77.949806     16.221070      25.619723      5.494062      52.330088     10.830700  1.340225e-06  1.132067e-06      96.0     9.797959       9.797959
60   eq3j  eq1b   600.0   900.000000        2      600         inf      32.742290     12.381005       7.851585      2.519000      24.890703      9.056276  5.638069e-07  4.496546e-07      42.0     6.480741       6.480741
61   eq3j  eq1b   900.0  1200.000000        0      200  400.000000      41.185764      7.472566      18.484407      4.000956      22.701356      4.938809  2.000000e-12  1.744916e-12      39.0     6.244998       6.244998
62   eq3j  eq1b   900.0  1200.000000        1      400  600.000000      23.883574      4.070585       7.952184      1.751044      15.931389      2.488950  2.000000e-12  1.748218e-12      24.0     5.327800       4.675100
63   eq3j  eq1b   900.0  1200.000000        2      600  900.000000      15.442705      5.811080       3.099873      1.220025      12.342833      4.396127  2.000000e-12  1.747804e-12      10.0     3.806000       3.223600
64   eq3j  eq1b   900.0  1200.000000        3      900         inf       4.358659      2.245081       0.354536      0.215230       4.004123      2.012657  2.000000e-12  1.745590e-12       6.0     3.278300       2.176900
65   eq3j  eq1b  1200.0          inf        0      200  400.000000       3.353423      0.940246       1.255032      0.318779       2.049594      0.764295  4.879696e-02  4.334722e-02       3.0     2.301200       1.896400
66   eq3j  eq1b  1200.0          inf        1      400  600.000000       7.548990      1.569071       2.486441      0.661934       4.953219      1.006156  1.093300e-01  9.714177e-02       5.0     2.806400       2.249500
67   eq3j  eq1b  1200.0          inf        2      600  900.000000       5.139854      1.873631       1.195483      0.520011       3.869705      1.395610  7.466661e-02  6.634542e-02       7.0     3.300600       2.749600
68   eq3j  eq1b  1200.0          inf        3      900         inf       3.461733      2.393209       0.517744      0.405809       2.893682      2.024056  5.030646e-02  4.471842e-02       4.0     2.776400       1.664100
69   eq3j  eq2b   200.0   400.000000        0      200         inf     418.169403     79.012898     332.361298     59.471137      79.993499     11.873290  5.814600e+00  4.219320e+00     495.0    22.248595      22.248595
70   eq3j  eq2b   400.0   600.000000        0      200  400.000000     208.314270     38.882722     154.438166     30.173279      53.085405      8.680372  7.906931e-01  7.163631e-01     229.0    15.132746      15.132746
71   eq3j  eq2b   400.0   600.000000        1      400         inf      26.965042      5.155391      13.206140      2.620959      13.656596      3.088584  1.023069e-01  9.725033e-02      34.0     5.830952       5.830952
72   eq3j  eq2b   600.0   900.000000        0      200  400.000000       9.114791      1.838485       3.854785      0.879529       5.260005      1.206636  1.354242e-07  1.262021e-07      10.0     3.806000       3.223600
73   eq3j  eq2b   600.0   900.000000        1      400  600.000000       9.321969      1.881735       4.216715      0.899842       5.105254      1.071509  1.343768e-07  1.253991e-07       9.0     3.790500       2.665800
74   eq3j  eq2b   600.0   900.000000        2      600         inf       3.246341      1.237849       0.824399      0.260450       2.421941      0.909103  1.999922e-12  1.593611e-12       2.0     2.250400       1.264200
75   eq3j  eq2b   900.0  1200.000000        0      200  400.000000       3.506240      0.652386       1.653467      0.366887       1.852772      0.414242  2.000000e-12  1.747170e-12       4.0     2.776400       1.664100
76   eq3j  eq2b   900.0  1200.000000        1      400  600.000000       1.813660      0.315822       0.598344      0.134431       1.215315      0.197957  2.000000e-12  1.746568e-12       2.0     2.250400       1.264200
77   eq3j  eq2b   900.0  1200.000000        2      600  900.000000       1.262023      0.472163       0.270594      0.097925       0.991428      0.364697  2.000000e-12  1.745449e-12       2.0     2.250400       1.264200
78   eq3j  eq2b   900.0  1200.000000        3      900         inf       0.376278      0.217427       0.021894      0.014582       0.354384      0.194671  2.000000e-12  1.747317e-12       0.0     1.290400       0.000000
79   eq3j  eq2b  1200.0          inf        0      200  400.000000       0.268440      0.078061       0.090297      0.024281       0.174267      0.065046  3.875309e-03  3.446068e-03       1.0     1.750500       0.632100
80   eq3j  eq2b  1200.0          inf        1      400  600.000000       0.655308      0.136750       0.197472      0.052715       0.448138      0.093355  9.698530e-03  8.613478e-03       0.0     1.290400       0.000000
81   eq3j  eq2b  1200.0          inf        2      600  900.000000       0.442040      0.160844       0.084587      0.036264       0.351004      0.127402  6.448913e-03  5.731084e-03       0.0     1.290400       0.000000
82   eq3j  eq2b  1200.0          inf        3      900         inf       0.300612      0.211481       0.045944      0.034724       0.250291      0.179770  4.377248e-03  3.890408e-03       0.0     1.290400       0.000000
83   eq3j  eq3b   200.0   400.000000        0      200         inf      12.109401      2.489255      10.277100      2.030808       1.663500      0.270042  1.688000e-01  1.257330e-01      16.0     4.799100       3.666200
84   eq3j  eq3b   400.0   600.000000        0      200  400.000000       7.945548      1.575763       6.480740      1.321553       1.435418      0.250234  2.938994e-02  2.665273e-02      10.0     3.806000       3.223600
85   eq3j  eq3b   400.0   600.000000        1      400         inf       0.761352      0.151605       0.363260      0.083247       0.395182      0.095715  2.910056e-03  2.786089e-03       2.0     2.250400       1.264200
86   eq3j  eq3b   600.0          inf        0      200  400.000000       0.358031      0.078083       0.149670      0.034592       0.208361      0.055247  1.000000e-12  9.944816e-13       3.0     2.301200       1.896400
87   eq3j  eq3b   600.0          inf        1      400  600.000000       0.349309      0.069021       0.171163      0.038187       0.178147      0.038637  1.000000e-12  9.944816e-13       3.0     2.301200       1.896400
88   eq3j  eq3b   600.0          inf        2      600         inf       0.161060      0.067934       0.031268      0.011440       0.129792      0.059009  1.000000e-12  9.944816e-13       0.0     1.290400       0.000000
89   eq4j  eq0b   400.0   600.000000        0      200  400.000000    4749.118164    621.735024    2276.226807    362.410008    2463.680908    273.040641  9.210422e+00  8.198378e+00    4324.0    65.757129      65.757129
90   eq4j  eq0b   400.0   600.000000        1      400         inf     460.440063     78.276697     157.802334     32.443317     301.744148     63.552290  8.935783e-01  8.140484e-01     437.0    20.904545      20.904545
91   eq4j  eq0b   600.0   900.000000        0      200  400.000000     936.962646    113.518853     400.991951     68.449150     532.835754     72.063169  3.134951e+00  2.633579e+00     751.0    27.404379      27.404379
92   eq4j  eq0b   600.0   900.000000        1      400  600.000000     521.683350     76.430569     158.159256     31.019715     361.779190     54.222223  1.744901e+00  1.498300e+00     484.0    22.000000      22.000000
93   eq4j  eq0b   600.0   900.000000        2      600         inf     103.666893     35.093380      25.414407      9.011704      77.905840     25.227876  3.466471e-01  3.568365e-01     110.0    10.488088      10.488088
94   eq4j  eq0b   900.0  1200.000000        0      200  400.000000     251.168198     36.706539     103.509230     21.222642     147.658958     26.172757  8.187085e-07  8.075692e-07     186.0    13.638182      13.638182
95   eq4j  eq0b   900.0  1200.000000        1      400  600.000000     142.949738     20.694131      46.539127     10.756526      96.410603     12.812032  4.658884e-07  4.571580e-07     111.0    10.535654      10.535654
96   eq4j  eq0b   900.0  1200.000000        2      600  900.000000      71.717209     25.605317      14.152375      6.161545      57.564831     18.936396  1.546011e-07  1.635349e-07      66.0     8.124038       8.124038
97   eq4j  eq0b   900.0  1200.000000        3      900         inf      10.598586      5.840697       2.030973      1.222112       8.567613      4.447752  1.999818e-12  1.995736e-12      13.0     4.304300       3.721700
98   eq4j  eq0b  1200.0          inf        0      200  400.000000      23.840714      6.024219       9.262654      2.483777      14.578058      4.851600  1.245972e-07  1.363169e-07      13.0     4.304300       3.721700
99   eq4j  eq0b  1200.0          inf        1      400  600.000000      42.974197      8.242735      12.294338      3.482285      30.679857      5.263160  2.242762e-07  2.454526e-07      32.0     5.656854       5.656854
100  eq4j  eq0b  1200.0          inf        2      600  900.000000      26.783634      9.886282       5.335161      2.734290      21.448473      7.402140  1.399256e-07  1.531962e-07      28.0     5.822300       5.183100
101  eq4j  eq0b  1200.0          inf        3      900         inf      13.931259      9.393805       2.310047      1.890115      11.621213      7.737388  9.999810e-13  1.094991e-12      15.0     4.324900       3.681300
102  eq4j  eq1b   400.0   600.000000        0      200  400.000000    1444.403931    191.115587    1050.753815    153.572445     390.830521     43.902144  2.819519e+00  2.543240e+00    1497.0    38.691084      38.691084
103  eq4j  eq1b   400.0   600.000000        1      400         inf     109.843826     16.466840      60.517376     10.606431      49.112673     10.511824  2.137809e-01  1.921990e-01     109.0    10.440307      10.440307
104  eq4j  eq1b   600.0   900.000000        0      200  400.000000     196.594940     23.632099     104.090458     16.663083      91.847561     12.315660  6.569394e-01  5.501621e-01     184.0    13.564660      13.564660
105  eq4j  eq1b   600.0   900.000000        1      400  600.000000     100.899475     14.028789      43.261637      7.460894      57.299631      9.006318  3.382117e-01  2.910462e-01     106.0    10.295630      10.295630
106  eq4j  eq1b   600.0   900.000000        2      600         inf      17.211666      5.468188       4.832808      1.370519      12.321010      4.021580  5.784885e-02  5.947581e-02      19.0     4.824700       4.180600
107  eq4j  eq1b   900.0  1200.000000        0      200  400.000000      53.807915      7.604400      25.140426      4.920229      28.667486      4.922147  1.348980e-07  1.426932e-07      60.0     7.745967       7.745967
108  eq4j  eq1b   900.0  1200.000000        1      400  600.000000      27.694424      4.079954      10.010749      2.149383      17.683674      2.734489  2.000247e-12  1.993480e-12      19.0     4.824700       4.180600
109  eq4j  eq1b   900.0  1200.000000        2      600  900.000000      12.283701      4.241791       2.921753      1.065689       9.361948      3.117831  2.000247e-12  1.993480e-12      11.0     3.819400       3.193600
110  eq4j  eq1b   900.0  1200.000000        3      900         inf       1.836064      1.015529       0.256772      0.146577       1.579292      0.841466  2.000247e-12  1.993480e-12       1.0     1.750500       0.632100
111  eq4j  eq1b  1200.0          inf        0      200  400.000000       5.185707      1.283337       1.951967      0.522285       3.233739      1.039843  1.000000e-12  1.095691e-12       7.0     3.300600       2.749600
112  eq4j  eq1b  1200.0          inf        1      400  600.000000      10.639505      2.115713       4.304115      1.187483       6.335390      1.069072  1.000000e-12  1.092659e-12      11.0     3.819400       3.193600
113  eq4j  eq1b  1200.0          inf        2      600  900.000000       4.800444      1.705213       1.213287      0.548558       3.587157      1.208353  1.000000e-12  1.094940e-12       7.0     3.300600       2.749600
114  eq4j  eq1b  1200.0          inf        3      900         inf       2.883545      1.846784       0.417731      0.313201       2.465814      1.576171  1.000000e-12  1.094504e-12       4.0     2.776400       1.664100
115  eq4j  eq2b   400.0   600.000000        0      200  400.000000     490.048950     72.718322     426.744698     65.180240      62.356422      7.126898  9.478493e-01  8.648233e-01     524.0    22.891046      22.891046
116  eq4j  eq2b   400.0   600.000000        1      400         inf      23.980328      3.966895      15.812099      3.133791       8.121877      1.716285  4.635064e-02  4.273239e-02      29.0     5.827500       5.175300
117  eq4j  eq2b   600.0   900.000000        0      200  400.000000      39.238701      5.000849      25.390624      4.180516      13.716497      1.822157  1.315793e-01  1.100430e-01      50.0     7.071068       7.071068
118  eq4j  eq2b   600.0   900.000000        1      400  600.000000      19.895685      2.738302      11.791749      2.066780       8.037626      1.308149  6.630875e-02  5.631883e-02      19.0     4.824700       4.180600
119  eq4j  eq2b   600.0   900.000000        2      600         inf       2.411515      0.736862       0.732725      0.190771       1.670777      0.552291  8.011928e-03  8.395338e-03       1.0     1.750500       0.632100
120  eq4j  eq2b   900.0  1200.000000        0      200  400.000000       8.714804      1.247831       4.744413      0.942949       3.970391      0.685128  2.000000e-12  1.993026e-12      10.0     3.806000       3.223600
121  eq4j  eq2b   900.0  1200.000000        1      400  600.000000       4.142706      0.673523       1.794066      0.399541       2.348641      0.440053  2.000000e-12  1.992789e-12       7.0     3.300600       2.749600
122  eq4j  eq2b   900.0  1200.000000        2      600  900.000000       1.705944      0.568859       0.537146      0.182196       1.168798      0.395308  2.000000e-12  1.994054e-12       0.0     1.290400       0.000000
123  eq4j  eq2b   900.0  1200.000000        3      900         inf       0.290846      0.160367       0.048475      0.029993       0.242371      0.133329  2.000000e-12  1.993284e-12       1.0     1.750500       0.632100
124  eq4j  eq2b  1200.0          inf        0      200  400.000000       0.725340      0.177750       0.292373      0.080139       0.432968      0.141255  1.000000e-12  1.095273e-12       1.0     1.750500       0.632100
125  eq4j  eq2b  1200.0          inf        1      400  600.000000       1.549643      0.323686       0.764668      0.207055       0.784974      0.135635  1.000000e-12  1.093268e-12       0.0     1.290400       0.000000
126  eq4j  eq2b  1200.0          inf        2      600  900.000000       0.519074      0.176004       0.133458      0.053828       0.385617      0.128898  1.000000e-12  1.094790e-12       0.0     1.290400       0.000000
127  eq4j  eq2b  1200.0          inf        3      900         inf       0.382643      0.241427       0.052001      0.035161       0.330642      0.211380  1.000000e-12  1.094449e-12       1.0     1.750500       0.632100
128  eq4j  eq3b   400.0   600.000000        0      200  400.000000      36.833065      5.992604      33.340792      5.423286       3.423486      0.429099  6.878189e-02  6.301906e-02      35.0     5.916080       5.916080
129  eq4j  eq3b   400.0   600.000000        1      400         inf       1.575741      0.277770       1.080108      0.234528       0.492614      0.109502  3.018106e-03  2.839929e-03       1.0     1.750500       0.632100
130  eq4j  eq3b   600.0   900.000000        0      200  400.000000       2.454832      0.340790       1.666083      0.288669       0.780510      0.110884  8.239154e-03  6.881451e-03       6.0     3.278300       2.176900
131  eq4j  eq3b   600.0   900.000000        1      400  600.000000       1.155272      0.178157       0.664390      0.123816       0.487086      0.086181  3.796883e-03  3.219732e-03       0.0     1.290400       0.000000
132  eq4j  eq3b   600.0   900.000000        2      600         inf       0.153695      0.041928       0.051227      0.013260       0.102005      0.033488  4.639631e-04  5.035535e-04       0.0     1.290400       0.000000
133  eq4j  eq3b   900.0          inf        0      200  400.000000       0.655757      0.111221       0.390462      0.073860       0.265295      0.062235  1.000000e-12  9.618911e-13       0.0     1.290400       0.000000
134  eq4j  eq3b   900.0          inf        1      400  600.000000       0.374304      0.059415       0.189351      0.039258       0.184953      0.031479  1.000000e-12  9.618911e-13       0.0     1.290400       0.000000
135  eq4j  eq3b   900.0          inf        2      600  900.000000       0.138789      0.045541       0.035734      0.010626       0.103055      0.038710  1.000000e-12  9.618911e-13       0.0     1.290400       0.000000
136  eq4j  eq3b   900.0          inf        3      900         inf       0.030550      0.018897       0.003353      0.002092       0.027197      0.017421  1.000000e-12  9.618911e-13       0.0     1.290400       0.000000
137  eq5j  eq0b   400.0   600.000000        0      200  400.000000    1249.956665    197.646730     669.847534    123.491395     580.108978     74.484898  7.869662e-05  8.098839e-05    1132.0    33.645208      33.645208
138  eq5j  eq0b   400.0   600.000000        1      400         inf      73.971680     16.558126      25.019565      6.126942      48.952112     13.181607  4.653381e-06  4.077478e-06      59.0     7.681146       7.681146
139  eq5j  eq0b   600.0   900.000000        0      200  400.000000     561.433167     80.026308     257.713921     49.093339     303.719223     42.132400  9.110345e-06  7.995372e-06     435.0    20.856654      20.856654
140  eq5j  eq0b   600.0   900.000000        1      400  600.000000     197.524506     35.420783      66.942280     14.483345     130.582214     25.167557  3.205123e-06  2.644643e-06     201.0    14.177447      14.177447
141  eq5j  eq0b   600.0   900.000000        2      600         inf      25.897570      9.477711       6.051306      2.336381      19.846263      7.331648  4.205323e-07  3.398917e-07      17.0     4.808400       4.209500
142  eq5j  eq0b   900.0  1200.000000        0      200  400.000000     149.937866     21.188426      66.264463     12.575564      83.673395     13.436447  6.304394e-07  4.991843e-07     124.0    11.135529      11.135529
143  eq5j  eq0b   900.0  1200.000000        1      400  600.000000      68.143028     10.120650      21.906155      4.812076      46.236877      7.028169  2.863586e-07  2.283547e-07      59.0     7.681146       7.681146
144  eq5j  eq0b   900.0  1200.000000        2      600         inf      30.715908     11.615197       7.264881      2.989759      23.451027      8.413835  2.000051e-12  1.633454e-12      28.0     5.822300       5.183100
145  eq5j  eq0b  1200.0          inf        0      200  400.000000      18.111410      4.699846       7.313862      1.964215      10.797548      3.649278  1.745497e-07  1.832138e-07       7.0     3.300600       2.749600
146  eq5j  eq0b  1200.0          inf        1      400  600.000000      23.076511      4.736963       7.437326      2.209990      15.639185      2.785637  2.225438e-07  2.321290e-07      16.0     4.799100       3.666200
147  eq5j  eq0b  1200.0          inf        2      600  900.000000      13.246271      5.225549       3.255804      1.684077       9.990467      3.736589  1.278055e-07  1.339152e-07       7.0     3.300600       2.749600
148  eq5j  eq0b  1200.0          inf        3      900         inf       6.249508      4.267378       0.997908      0.807379       5.251601      3.602292  9.999934e-13  1.044508e-12       6.0     3.278300       2.176900
149  eq5j  eq1b   400.0   600.000000        0      200  400.000000     608.648621    105.197891     494.499344     87.303671     114.149227     15.603071  3.831750e-05  4.060151e-05     591.0    24.310492      24.310492
150  eq5j  eq1b   400.0   600.000000        1      400         inf      22.022831      4.482181      13.400758      3.154963       8.622071      2.352860  1.392504e-06  1.229804e-06      22.0     5.315000       4.695700
151  eq5j  eq1b   600.0   900.000000        0      200  400.000000     194.071106     29.861413     131.879158     24.216792      62.191957      8.976896  3.161328e-06  2.819576e-06     198.0    14.071247      14.071247
152  eq5j  eq1b   600.0   900.000000        1      400  600.000000      55.237106      9.197559      29.464628      5.911700      25.772477      5.030727  9.005702e-07  7.483680e-07      50.0     7.071068       7.071068
153  eq5j  eq1b   600.0   900.000000        2      600         inf       5.915679      1.872173       1.813314      0.504045       4.102365      1.497642  2.000144e-12  1.616358e-12      11.0     3.819400       3.193600
154  eq5j  eq1b   900.0  1200.000000        0      200  400.000000      40.984818      5.778939      23.308723      4.370450      17.676095      2.857741  1.289990e-07  1.079976e-07      33.0     5.744563       5.744563
155  eq5j  eq1b   900.0  1200.000000        1      400  600.000000      16.925856      2.427532       7.765077      1.543647       9.160779      1.423898  2.000106e-12  1.636895e-12      15.0     4.324900       3.681300
156  eq5j  eq1b   900.0  1200.000000        2      600         inf       6.953123      2.389010       2.239799      0.730152       4.713325      1.681863  2.000106e-12  1.637905e-12       9.0     3.790500       2.665800
157  eq5j  eq1b  1200.0          inf        0      200  400.000000       4.526434      1.113536       2.425056      0.619698       2.101378      0.744034  1.000000e-12  1.046352e-12       4.0     2.776400       1.664100
158  eq5j  eq1b  1200.0          inf        1      400  600.000000       6.088765      1.217265       2.206431      0.614037       3.882334      0.691053  1.000000e-12  1.046352e-12       3.0     2.301200       1.896400
159  eq5j  eq1b  1200.0          inf        2      600  900.000000       2.801180      1.015957       0.737923      0.292278       2.063257      0.767495  1.000000e-12  1.046352e-12       5.0     2.806400       2.249500
160  eq5j  eq1b  1200.0          inf        3      900         inf       1.639721      1.097951       0.237890      0.183004       1.401831      0.947552  1.000000e-12  1.046352e-12       2.0     2.250400       1.264200
161  eq5j  eq2b   400.0   600.000000        0      200  400.000000     273.943787     51.324495     252.361664     45.419899      21.582112      2.967705  1.723825e-05  1.843704e-05     284.0    16.852300      16.852300
162  eq5j  eq2b   400.0   600.000000        1      400         inf       4.821023      0.981660       3.521436      0.923609       1.299587      0.370283  2.477548e-07  2.152278e-07      10.0     3.806000       3.223600
163  eq5j  eq2b   600.0   900.000000        0      200  400.000000      67.476723     11.603499      56.302327     10.490985      11.174395      1.713807  1.093958e-06  9.890269e-07      63.0     7.937254       7.937254
164  eq5j  eq2b   600.0   900.000000        1      400  600.000000      16.520363      2.765421      11.773141      2.380226       4.747221      0.881383  1.886405e-07  1.839734e-07      16.0     4.799100       3.666200
165  eq5j  eq2b   600.0   900.000000        2      600         inf       1.337015      0.397538       0.458230      0.138858       0.878785      0.310766  2.000562e-12  1.617118e-12       0.0     1.290400       0.000000
166  eq5j  eq2b   900.0  1200.000000        0      200  400.000000      10.474442      1.574360       7.488980      1.383756       2.985462      0.507614  2.000000e-12  1.639669e-12       5.0     2.806400       2.249500
167  eq5j  eq2b   900.0  1200.000000        1      400  600.000000       3.517440      0.561344       2.157743      0.447372       1.359698      0.234863  2.000000e-12  1.637273e-12       5.0     2.806400       2.249500
168  eq5j  eq2b   900.0  1200.000000        2      600         inf       1.531017      0.495985       0.568978      0.162484       0.962040      0.354715  2.000000e-12  1.636665e-12       1.0     1.750500       0.632100
169  eq5j  eq2b  1200.0          inf        0      200  400.000000       0.955738      0.221975       0.625869      0.161086       0.329869      0.119742  1.000000e-12  1.047535e-12       0.0     1.290400       0.000000
170  eq5j  eq2b  1200.0          inf        1      400  600.000000       1.229689      0.244444       0.512281      0.136075       0.717408      0.130724  1.000000e-12  1.045267e-12       2.0     2.250400       1.264200
171  eq5j  eq2b  1200.0          inf        2      600  900.000000       0.445044      0.145488       0.134360      0.042575       0.310683      0.112471  1.000000e-12  1.046718e-12       1.0     1.750500       0.632100
172  eq5j  eq2b  1200.0          inf        3      900         inf       0.251829      0.170861       0.031089      0.023561       0.220740      0.151723  1.000000e-12  1.045908e-12       1.0     1.750500       0.632100
173  eq5j  eq3b   400.0   600.000000        0      200  400.000000      27.972584      5.423366      26.266066      4.809304       1.706516      0.277218  1.767098e-06  1.900192e-06      25.0     5.804900       4.666400
174  eq5j  eq3b   400.0   600.000000        1      400         inf       0.333019      0.062548       0.269134      0.069702       0.063884      0.018724  1.999966e-12  2.086118e-12       1.0     1.750500       0.632100
175  eq5j  eq3b   600.0   900.000000        0      200  400.000000       7.475805      1.323733       6.646845      1.238580       0.828960      0.147475  1.031990e-07  1.006485e-07       7.0     3.300600       2.749600
176  eq5j  eq3b   600.0   900.000000        1      400  600.000000       1.544911      0.268259       1.194391      0.238323       0.350520      0.064558  1.999922e-12  1.615099e-12       3.0     2.301200       1.896400
177  eq5j  eq3b   600.0   900.000000        2      600         inf       0.106584      0.031410       0.027764      0.010905       0.078820      0.028152  1.999922e-12  1.616125e-12       0.0     1.290400       0.000000
178  eq5j  eq3b   900.0          inf        0      200  400.000000       1.056596      0.190073       0.787135      0.170010       0.269462      0.061429  1.000000e-12  9.374060e-13       0.0     1.290400       0.000000
179  eq5j  eq3b   900.0          inf        1      400  600.000000       0.438267      0.076963       0.258748      0.064682       0.179519      0.029739  1.000000e-12  9.380276e-13       0.0     1.290400       0.000000
180  eq5j  eq3b   900.0          inf        2      600         inf       0.198237      0.067925       0.072818      0.019066       0.125419      0.058183  1.000000e-12  9.378531e-13       0.0     1.290400       0.000000
181  eq5j  ge4b   400.0          inf        0      200  400.000000       1.776418      0.354658       1.659054      0.340734       0.117364      0.026877  1.117990e-07  9.035697e-08       2.0     2.250400       1.264200
182  eq5j  ge4b   400.0          inf        1      400         inf       0.142082      0.030428       0.103946      0.027300       0.038136      0.011872  1.000191e-12  8.083641e-13       1.0     1.750500       0.632100
183  ge2a  eq0b   200.0   400.000000        0      200         inf  101411.359375  14127.885118   46503.344971   6643.665127   54039.225342   6472.101613  8.688019e+02  7.420679e+02  116868.0   341.859620     341.859620
184  ge2a  eq0b   400.0   600.000000        0      200  400.000000    2909.431641    396.210007    1347.312943    226.411609    1562.118713    228.686632  5.021042e-05  5.538058e-05    2932.0    54.147945      54.147945
185  ge2a  eq0b   400.0   600.000000        1      400         inf    2582.240234    345.661612     783.655807    152.484627    1798.584106    236.626707  4.459958e-05  4.542443e-05    2800.0    52.915026      52.915026
186  ge2a  eq0b   600.0   900.000000        0      200  400.000000      22.731991      5.199940      13.464917      3.630687       9.267074      2.744662  2.660590e-07  2.109477e-07      31.0     5.567764       5.567764
187  ge2a  eq0b   600.0   900.000000        1      400  600.000000      63.797211     12.311794      17.762835      4.538493      46.034375      8.508191  7.474927e-07  5.917309e-07      75.0     8.660254       8.660254
188  ge2a  eq0b   600.0   900.000000        2      600         inf     198.872894     62.777317      40.911849     15.631274     157.961048     42.223758  2.361048e-06  1.773278e-06     211.0    14.525839      14.525839
189  ge2a  eq0b   900.0          inf        0      200  900.000000      31.777840     12.542924       6.134347      3.145695      25.643494     10.746550  1.000000e-12  1.027996e-12      28.0     5.822300       5.183100
190  ge2a  eq0b   900.0          inf        1      900         inf      50.309559     32.017703       7.888253      5.904604      42.421307     26.518184  1.000000e-12  1.027996e-12      54.0     7.348469       7.348469
191  ge2a  eq1b   200.0   400.000000        0      200         inf   13333.642578   1563.652238    8560.481445    947.956223    4658.761932    559.672220  1.143993e+02  9.443769e+01   16307.0   127.698865     127.698865
192  ge2a  eq1b   400.0   600.000000        0      200  400.000000     969.090454    129.201940     741.860214    107.994910     227.230249     30.738481  1.680647e-05  1.800498e-05    1042.0    32.280025      32.280025
193  ge2a  eq1b   400.0   600.000000        1      400         inf     275.768555     36.003311     102.261311     16.744171     173.507248     24.695796  4.761534e-06  4.855378e-06     310.0    17.606817      17.606817
194  ge2a  eq1b   600.0   900.000000        0      200  400.000000      13.717409      2.744479      10.782946      2.488023       2.934463      0.764285  1.545701e-07  1.225025e-07       8.0     3.318700       2.698800
195  ge2a  eq1b   600.0   900.000000        1      400  600.000000      11.387604      1.848557       5.211847      1.060161       6.175756      0.970035  1.315541e-07  1.042699e-07      12.0     4.292000       3.170900
196  ge2a  eq1b   600.0   900.000000        2      600         inf      21.456886      6.387265       5.829307      1.824957      15.627581      4.204374  2.002788e-07  1.587437e-07      26.0     5.811000       5.200900
197  ge2a  eq1b   900.0          inf        0      200  900.000000       3.928667      1.454754       0.999734      0.345246       2.928933      1.273355  1.000000e-12  1.027996e-12       5.0     2.806400       2.249500
198  ge2a  eq1b   900.0          inf        1      900         inf       6.322533      3.967022       1.170066      0.707552       5.152467      3.317017  1.000000e-12  1.027996e-12       7.0     3.300600       2.749600
199  ge2a  eq2b   200.0   400.000000        0      200         inf    1856.507690    228.960444    1365.795197    163.173289     474.873299     56.280733  1.583920e+01  1.273009e+01    2200.0    46.904158      46.904158
200  ge2a  eq2b   400.0   600.000000        0      200  400.000000     373.857208     52.493824     339.398518     48.741002      34.458678      4.414227  6.437796e-06  6.855013e-06     410.0    20.248457      20.248457
201  ge2a  eq2b   400.0   600.000000        1      400         inf      23.876301      3.401211       9.696577      1.599369      14.179723      2.379488  4.134039e-07  4.174040e-07      35.0     5.916080       5.916080
202  ge2a  eq2b   600.0   900.000000        0      200  400.000000       5.887508      1.201243       5.327127      1.185398       0.560381      0.133504  2.000000e-12  1.539306e-12       4.0     2.776400       1.664100
203  ge2a  eq2b   600.0   900.000000        1      400  600.000000       2.271160      0.365138       1.506337      0.321724       0.764823      0.103200  2.000000e-12  1.539347e-12       4.0     2.776400       1.664100
204  ge2a  eq2b   600.0   900.000000        2      600         inf       1.730632      0.526852       0.468836      0.160479       1.261796      0.353142  2.000000e-12  1.539359e-12       2.0     2.250400       1.264200
205  ge2a  eq2b   900.0          inf        0      200  900.000000       0.597884      0.130099       0.376734      0.084370       0.221150      0.101124  1.000000e-12  1.031774e-12       1.0     1.750500       0.632100
206  ge2a  eq2b   900.0          inf        1      900         inf       0.449116      0.266453       0.130366      0.056883       0.318750      0.219238  1.000000e-12  1.024330e-12       0.0     1.290400       0.000000
207  ge2a  eq3b   200.0   400.000000        0      200         inf      70.731400     10.048921      62.613500      8.237686       7.519500      1.095879  5.984000e-01  4.936766e-01      92.0     9.591663       9.591663
208  ge2a  eq3b   400.0   600.000000        0      200  400.000000      34.434994      5.367700      32.449276      5.028789       1.985718      0.267253  4.886000e-07  5.485261e-07      38.0     6.164414       6.164414
209  ge2a  eq3b   400.0   600.000000        1      400         inf       0.632507      0.107874       0.381825      0.069508       0.250682      0.063673  1.999955e-12  2.028741e-12       2.0     2.250400       1.264200
210  ge2a  eq3b   600.0          inf        0      200  400.000000       0.878752      0.208960       0.808608      0.199893       0.070144      0.017379  1.000000e-12  1.048481e-12       1.0     1.750500       0.632100
211  ge2a  eq3b   600.0          inf        1      400  600.000000       0.156355      0.033891       0.121106      0.029903       0.035249      0.006570  1.000000e-12  1.048481e-12       0.0     1.290400       0.000000
212  ge2a  eq3b   600.0          inf        2      600         inf       0.090193      0.022755       0.044486      0.012127       0.045707      0.016846  1.000000e-12  1.048481e-12       0.0     1.290400       0.000000
213  ge6j  eq0b   400.0   600.000000        0      200         inf     193.657913     34.325720     115.594902     22.110316      78.062801     13.608157  2.018100e-04  1.745103e-04     164.0    12.806248      12.806248
214  ge6j  eq0b   600.0   900.000000        0      200  400.000000     278.001892     54.575017     140.444023     27.556938     125.806217     34.722828  1.175166e+01  1.178180e+01     210.0    14.491377      14.491377
215  ge6j  eq0b   600.0   900.000000        1      400         inf      68.082397     37.299816      25.579775      6.049538      39.625679     30.952562  2.876940e+00  2.705839e+00      56.0     7.483315       7.483315
216  ge6j  eq0b   900.0  1200.000000        0      200  400.000000      94.427719     29.334515      46.452868     10.050553      47.816483     23.651586  1.583708e-01  1.384167e-01      64.0     8.000000       8.000000
217  ge6j  eq0b   900.0  1200.000000        1      400  600.000000      34.223572     16.269489      11.618522      2.789674      22.547524     13.914664  5.752682e-02  4.857208e-02      32.0     5.656854       5.656854
218  ge6j  eq0b   900.0  1200.000000        2      600         inf      11.971005     10.710707       2.622611      1.165415       9.328292      9.043819  2.010234e-02  1.650523e-02       9.0     3.790500       2.665800
219  ge6j  eq0b  1200.0          inf        0      200  400.000000      18.260489     10.006589       8.699636      2.504741       9.469286      9.557636  9.156679e-02  9.786022e-02      12.0     4.292000       3.170900
220  ge6j  eq0b  1200.0          inf        1      400  600.000000      16.812401      3.962123       5.444479      1.642049      11.283587      2.800145  8.433595e-02  9.010204e-02       9.0     3.790500       2.665800
221  ge6j  eq0b  1200.0          inf        2      600  900.000000       8.591109      5.665625       1.701665      0.850512       6.846345      5.246558  4.309892e-02  4.598950e-02      11.0     3.819400       3.193600
222  ge6j  eq0b  1200.0          inf        3      900         inf       2.771100      3.323619       0.485520      0.387058       2.271682      3.130776  1.389835e-02  1.484050e-02       5.0     2.806400       2.249500
223  ge6j  eq1b   400.0   600.000000        0      200         inf     135.535233     29.024839     116.115501     25.495576      19.419600      2.987780  1.401000e-04  1.213167e-04     121.0    11.000000      11.000000
224  ge6j  eq1b   600.0   900.000000        0      200  400.000000     154.280441     32.318190     117.460964     26.535789      30.249981      8.615928  6.569502e+00  6.705119e+00     148.0    12.165525      12.165525
225  ge6j  eq1b   600.0   900.000000        1      400         inf      25.337248      9.834658      14.738332      3.539140       9.514918      7.376384  1.083998e+00  1.026620e+00      26.0     5.811000       5.200900
226  ge6j  eq1b   900.0  1200.000000        0      200  400.000000      41.681591     10.296118      29.396147      6.952019      12.214949      5.970671  7.049453e-02  6.241050e-02      42.0     6.480741       6.480741
227  ge6j  eq1b   900.0  1200.000000        1      400  600.000000      12.140152      4.340013       6.417654      1.601214       5.702128      3.507633  2.036951e-02  1.752659e-02      11.0     3.819400       3.193600
228  ge6j  eq1b   900.0  1200.000000        2      600         inf       3.348958      2.589078       1.012200      0.340964       2.331122      2.193555  5.635963e-03  4.626245e-03       1.0     1.750500       0.632100
229  ge6j  eq1b  1200.0          inf        0      200  400.000000       7.424611      3.248064       4.727618      1.528241       2.659439      2.717394  3.755476e-02  4.010809e-02       6.0     3.278300       2.176900
230  ge6j  eq1b  1200.0          inf        1      400  600.000000       5.931293      1.344781       2.769946      0.756916       3.131367      0.781555  2.997963e-02  3.204530e-02       5.0     2.806400       2.249500
231  ge6j  eq1b  1200.0          inf        2      600  900.000000       2.612388      1.573359       0.730353      0.310904       1.868822      1.424843  1.321373e-02  1.410430e-02       5.0     2.806400       2.249500
232  ge6j  eq1b  1200.0          inf        3      900         inf       0.837908      0.936482       0.193384      0.138374       0.640273      0.868748  4.251890e-03  4.542228e-03       0.0     1.290400       0.000000
233  ge6j  eq2b   400.0   600.000000        0      200         inf      69.487267     16.083198      64.561400     14.680721       4.925800      0.745303  7.237000e-05  6.271663e-05      58.0     7.615773       7.615773
234  ge6j  eq2b   600.0   900.000000        0      200  400.000000      74.428459     16.884750      63.747049     14.929198       7.530458      1.990558  3.150954e+00  3.252719e+00      85.0     9.219544       9.219544
235  ge6j  eq2b   600.0   900.000000        1      400         inf       8.487640      2.711685       6.147453      1.648369       1.982542      1.578157  3.576457e-01  3.393791e-01       8.0     3.318700       2.698800
236  ge6j  eq2b   900.0  1200.000000        0      200  400.000000      17.914288      4.387011      15.124499      3.809143       2.759762      1.281896  3.002796e-02  2.701399e-02      11.0     3.819400       3.193600
237  ge6j  eq2b   900.0  1200.000000        1      400  600.000000       4.218277      1.187743       3.028384      0.799329       1.182831      0.735285  7.062849e-03  6.223530e-03       3.0     2.301200       1.896400
238  ge6j  eq2b   900.0  1200.000000        2      600         inf       0.834733      0.557155       0.346917      0.108517       0.486408      0.469581  1.409188e-03  1.180226e-03       0.0     1.290400       0.000000
239  ge6j  eq2b  1200.0          inf        0      200  400.000000       2.509093      0.923886       2.034011      0.704681       0.462490      0.514375  1.259171e-02  1.344920e-02       0.0     1.290400       0.000000
240  ge6j  eq2b  1200.0          inf        1      400  600.000000       1.645531      0.377842       1.031919      0.290985       0.605348      0.138354  8.264298e-03  8.832257e-03       0.0     1.290400       0.000000
241  ge6j  eq2b  1200.0          inf        2      600  900.000000       0.618039      0.343226       0.213753      0.081612       0.401189      0.304108  3.096805e-03  3.305605e-03       2.0     2.250400       1.264200
242  ge6j  eq2b  1200.0          inf        3      900         inf       0.192437      0.193200       0.067217      0.045145       0.124273      0.170488  9.471927e-04  1.011858e-03       0.0     1.290400       0.000000
243  ge6j  eq3b   400.0   600.000000        0      200         inf       8.908909      2.243740       8.321500      2.090221       0.587400      0.096716  9.435000e-06  8.196711e-06      14.0     4.315200       3.699400
244  ge6j  eq3b   600.0   900.000000        0      200  400.000000      11.087637      2.669892       9.791220      2.403499       0.835713      0.225258  4.607043e-01  4.729437e-01      20.0     5.300300       4.169000
245  ge6j  eq3b   600.0   900.000000        1      400         inf       1.132163      0.357338       0.891980      0.271344       0.194188      0.154857  4.599570e-02  4.388498e-02       3.0     2.301200       1.896400
246  ge6j  eq3b   900.0  1200.000000        0      200  400.000000       2.980595      0.776491       2.655097      0.705104       0.320570      0.153399  4.927663e-03  4.437476e-03       4.0     2.776400       1.664100
247  ge6j  eq3b   900.0  1200.000000        1      400  600.000000       0.613356      0.183105       0.470065      0.145147       0.142233      0.091090  1.058242e-03  9.511806e-04       0.0     1.290400       0.000000
248  ge6j  eq3b   900.0  1200.000000        2      600         inf       0.130249      0.065506       0.076737      0.025825       0.053297      0.051528  2.140954e-04  1.835784e-04       0.0     1.290400       0.000000
249  ge6j  eq3b  1200.0          inf        0      200  400.000000       0.398526      0.145448       0.355408      0.127262       0.041163      0.053489  1.955434e-03  2.088927e-03       1.0     1.750500       0.632100
250  ge6j  eq3b  1200.0          inf        1      400  600.000000       0.248091      0.063275       0.185606      0.055186       0.061277      0.014304  1.207655e-03  1.290072e-03       0.0     1.290400       0.000000
251  ge6j  eq3b  1200.0          inf        2      600  900.000000       0.085507      0.042355       0.037692      0.014168       0.047399      0.034893  4.148243e-04  4.430226e-04       1.0     1.750500       0.632100
252  ge6j  eq3b  1200.0          inf        3      900         inf       0.023877      0.022955       0.008394      0.004447       0.015361      0.021085  1.220866e-04  1.304138e-04       0.0     1.290400       0.000000
253  ge6j  ge4b   400.0   600.000000        0      200         inf       2.457603      0.667222       2.272800      0.656511       0.184800      0.023925  2.537000e-06  3.311248e-06       4.0     2.776400       1.664100