CR  njet  bjet ht_low ht_high  bin_no           Ewk     Ewk_err     data  data_err_up  data_err_down
  Mu  eq1j  eq0b    200     250       1  63846.673099  166.179757  67914.0   260.603147     260.603147
  Mu  eq1j  eq0b    250     300       1  22938.610641   89.130667  25095.0   158.414015     158.414015
  Mu  eq1j  eq0b    300     350       1   9547.146884   59.195210  10462.0   102.283919     102.283919
  Mu  eq1j  eq0b    350     400       1   4244.373428   31.012060   4826.0    69.469418      69.469418
  Mu  eq1j  eq0b    400     500       1   3200.403698   27.479064   3595.0    59.958319      59.958319
  Mu  eq1j  eq0b    500     600       1    916.656063    7.890535   1044.0    32.310989      32.310989
  Mu  eq1j  eq0b    600     750       1    341.791432    2.657674    501.0    22.383029      22.383029
  Mu  eq1j  eq0b    750     900       1     86.515349    1.338288    107.0    10.344080      10.344080
  Mu  eq1j  eq0b    900     Inf       1     39.883108    0.693903     44.0     6.633250       6.633250
  Mu  eq1j  eq1b    200     250       1   2282.917732   10.220737   2936.0    54.184869      54.184869
  Mu  eq1j  eq1b    250     300       1    870.116783    6.458941   1122.0    33.496268      33.496268
  Mu  eq1j  eq1b    300     350       1    389.864178    4.195462    498.0    22.315914      22.315914
  Mu  eq1j  eq1b    350     400       1    182.207082    2.641877    247.0    15.716234      15.716234
  Mu  eq1j  eq1b    400     500       1    140.186544    2.066526    185.0    13.601471      13.601471
  Mu  eq1j  eq1b    500     600       1     47.372015    0.826181     65.0     8.062258       8.062258
  Mu  eq1j  eq1b    600     Inf       1     29.294914    0.404693     42.0     6.480741       6.480741
  Mu  eq2j  eq0b   1050    1200       1    207.017094    1.944274    171.0    13.076697      13.076697
  Mu  eq2j  eq0b   1200     Inf       1    293.404315    1.304740    209.0    14.456832      14.456832
  Mu  eq2j  eq0b    200     250       1   2741.314590   29.897645   3096.0    55.641711      55.641711
  Mu  eq2j  eq0b    250     300       1   4550.410788   34.802429   5046.0    71.035203      71.035203
  Mu  eq2j  eq0b    300     350       1   3779.482622   33.139489   4125.0    64.226163      64.226163
  Mu  eq2j  eq0b    350     400       1   3130.744599   28.764767   3273.0    57.210139      57.210139
  Mu  eq2j  eq0b    400     500       1   5037.081661   32.547536   5128.0    71.610055      71.610055
  Mu  eq2j  eq0b    500     600       1   2964.372115   14.390051   2871.0    53.581713      53.581713
  Mu  eq2j  eq0b    600     750       1   2150.653891    6.905724   1932.0    43.954522      43.954522
  Mu  eq2j  eq0b    750     900       1    930.803530    4.770015    829.0    28.792360      28.792360
  Mu  eq2j  eq0b    900    1050       1    446.407383    3.520508    379.0    19.467922      19.467922
  Mu  eq2j  eq1b   1050    1200       1     23.729446    0.352486     24.0     5.327800       4.675100
  Mu  eq2j  eq1b   1200     Inf       1     37.104424    0.249019     38.0     6.164414       6.164414
  Mu  eq2j  eq1b    200     250       1    500.750822    5.204676    665.0    25.787594      25.787594
  Mu  eq2j  eq1b    250     300       1    869.651849    7.378801   1034.0    32.155870      32.155870
  Mu  eq2j  eq1b    300     350       1    530.946080    5.457750    697.0    26.400758      26.400758
  Mu  eq2j  eq1b    350     400       1    355.557636    4.599047    480.0    21.908902      21.908902
  Mu  eq2j  eq1b    400     500       1    563.700966    4.819264    664.0    25.768197      25.768197
  Mu  eq2j  eq1b    500     600       1    345.445133    2.904233    449.0    21.189620      21.189620
  Mu  eq2j  eq1b    600     750       1    259.353473    1.867087    298.0    17.262677      17.262677
  Mu  eq2j  eq1b    750     900       1    108.089015    1.064371    110.0    10.488088      10.488088
  Mu  eq2j  eq1b    900    1050       1     52.380119    0.635432     46.0     6.782330       6.782330
  Mu  eq2j  eq2b    200     250       1     30.424149    1.036889     38.0     6.164414       6.164414
  Mu  eq2j  eq2b    250     300       1     52.574543    1.299412     46.0     6.782330       6.782330
  Mu  eq2j  eq2b    300     350       1     27.334581    0.916321     45.0     6.708204       6.708204
  Mu  eq2j  eq2b    350     400       1     17.561568    0.763010     16.0     4.799100       3.666200
  Mu  eq2j  eq2b    400     500       1     41.388810    1.093004     40.0     6.324555       6.324555
  Mu  eq2j  eq2b    500     600       1     26.657229    0.727990     47.0     6.855655       6.855655
  Mu  eq2j  eq2b    600     Inf       1     39.849320    0.738142     35.0     5.916080       5.916080
  Mu  eq3j  eq0b   1050    1200       1    322.670971    2.210308    278.0    16.673332      16.673332
  Mu  eq3j  eq0b   1200     Inf       1    443.943150    1.562984    296.0    17.204651      17.204651
  Mu  eq3j  eq0b    200     250       1      8.972382    1.487239      9.0     3.790500       2.665800
  Mu  eq3j  eq0b    250     300       1    836.697314   13.665999    970.0    31.144823      31.144823
  Mu  eq3j  eq0b    300     350       1   2219.004229   22.727682   2428.0    49.274740      49.274740
  Mu  eq3j  eq0b    350     400       1   2480.702806   22.832266   2669.0    51.662365      51.662365
  Mu  eq3j  eq0b    400     500       1   4409.115515   26.400733   4515.0    67.193750      67.193750
  Mu  eq3j  eq0b    500     600       1   3137.277938   14.426628   2969.0    54.488531      54.488531
  Mu  eq3j  eq0b    600     750       1   2642.531043    8.218186   2334.0    48.311489      48.311489
  Mu  eq3j  eq0b    750     900       1   1266.797986    5.859559   1119.0    33.451457      33.451457
  Mu  eq3j  eq0b    900    1050       1    621.282102    3.705766    477.0    21.840330      21.840330
  Mu  eq3j  eq1b   1050    1200       1     61.881926    0.532547     69.0     8.306624       8.306624
  Mu  eq3j  eq1b   1200     Inf       1     86.024161    0.385462     80.0     8.944272       8.944272
  Mu  eq3j  eq1b    200     250       1      3.414585    0.486927      4.0     2.776400       1.664100
  Mu  eq3j  eq1b    250     300       1    432.357181    4.658219    527.0    22.956481      22.956481
  Mu  eq3j  eq1b    300     350       1   1057.496403    7.798908   1135.0    33.689761      33.689761
  Mu  eq3j  eq1b    350     400       1   1049.925126    7.420914   1164.0    34.117444      34.117444
  Mu  eq3j  eq1b    400     500       1   1599.020892    8.811218   1733.0    41.629317      41.629317
  Mu  eq3j  eq1b    500     600       1    916.517528    5.720390    923.0    30.380915      30.380915
  Mu  eq3j  eq1b    600     750       1    677.584996    4.071561    696.0    26.381812      26.381812
  Mu  eq3j  eq1b    750     900       1    287.510587    2.139258    308.0    17.549929      17.549929
  Mu  eq3j  eq1b    900    1050       1    132.440491    1.142585    152.0    12.328828      12.328828
  Mu  eq3j  eq2b   1050    1200       1     10.295288    0.235415     12.0     4.292000       3.170900
  Mu  eq3j  eq2b   1200     Inf       1     11.669730    0.149243     18.0     4.816900       4.194000
  Mu  eq3j  eq2b    250     300       1     77.388433    1.521550     89.0     9.433981       9.433981
  Mu  eq3j  eq2b    300     350       1    244.535337    2.800331    246.0    15.684387      15.684387
  Mu  eq3j  eq2b    350     400       1    285.533333    3.300746    289.0    17.000000      17.000000
  Mu  eq3j  eq2b    400     500       1    503.337294    4.138827    488.0    22.090722      22.090722
  Mu  eq3j  eq2b    500     600       1    285.407467    2.861106    291.0    17.058722      17.058722
  Mu  eq3j  eq2b    600     750       1    199.685320    2.304289    194.0    13.928388      13.928388
  Mu  eq3j  eq2b    750     900       1     76.912079    1.244611     63.0     7.937254       7.937254
  Mu  eq3j  eq2b    900    1050       1     28.098254    0.578600     35.0     5.916080       5.916080
  Mu  eq3j  eq3b    300     350       1      8.456790    0.200124     10.0     3.806000       3.223600
  Mu  eq3j  eq3b    350     400       1     11.510893    0.233431     12.0     4.292000       3.170900
  Mu  eq3j  eq3b    400     500       1     21.520238    0.332355     13.0     4.304300       3.721700
  Mu  eq3j  eq3b    500     600       1     13.267527    0.250580     12.0     4.292000       3.170900
  Mu  eq3j  eq3b    600     Inf       1     15.034242    0.183964     11.0     3.819400       3.193600
  Mu  eq4j  eq0b   1050    1200       1    281.661570    2.211287    192.0    13.856406      13.856406
  Mu  eq4j  eq0b   1200     Inf       1    369.216413    1.339387    273.0    16.522712      16.522712
  Mu  eq4j  eq0b    400     500       1   2213.650562   18.365929   1971.0    44.395946      44.395946
  Mu  eq4j  eq0b    500     600       1   1934.559810   11.277413   1593.0    39.912404      39.912404
  Mu  eq4j  eq0b    600     750       1   1840.672006    6.524800   1464.0    38.262253      38.262253
  Mu  eq4j  eq0b    750     900       1    945.517282    4.586503    750.0    27.386128      27.386128
  Mu  eq4j  eq0b    900    1050       1    505.400339    3.507724    389.0    19.723083      19.723083
  Mu  eq4j  eq1b   1050    1200       1     93.673025    0.663192     79.0     8.888194       8.888194
  Mu  eq4j  eq1b   1200     Inf       1    114.408211    0.456985    130.0    11.401754      11.401754
  Mu  eq4j  eq1b    400     500       1   1701.926008    9.352583   1676.0    40.938979      40.938979
  Mu  eq4j  eq1b    500     600       1   1251.906683    7.049655   1193.0    34.539832      34.539832
  Mu  eq4j  eq1b    600     750       1    959.590319    5.810721    943.0    30.708305      30.708305
  Mu  eq4j  eq1b    750     900       1    413.851684    2.434662    417.0    20.420578      20.420578
  Mu  eq4j  eq1b    900    1050       1    187.283863    1.223685    173.0    13.152946      13.152946
  Mu  eq4j  eq2b   1050    1200       1     29.780455    0.374799     25.0     5.804900       4.666400
  Mu  eq4j  eq2b   1200     Inf       1     29.693611    0.235199     31.0     5.567764       5.567764
  Mu  eq4j  eq2b    400     500       1    847.070860    5.522549    801.0    28.301943      28.301943
  Mu  eq4j  eq2b    500     600       1    616.576733    4.495674    602.0    24.535688      24.535688
  Mu  eq4j  eq2b    600     750       1    443.124471    3.250414    383.0    19.570386      19.570386
  Mu  eq4j  eq2b    750     900       1    168.538897    1.591785    167.0    12.922848      12.922848
  Mu  eq4j  eq2b    900    1050       1     67.087633    0.760048     60.0     7.745967       7.745967
  Mu  eq4j  eq3b    400     500       1     64.995865    0.656813     72.0     8.485281       8.485281
  Mu  eq4j  eq3b    500     600       1     47.933317    0.541870     65.0     8.062258       8.062258
  Mu  eq4j  eq3b    600     750       1     35.294369    0.424330     47.0     6.855655       6.855655
  Mu  eq4j  eq3b    750     900       1     14.256826    0.203307     19.0     4.824700       4.180600
  Mu  eq4j  eq3b    900     Inf       1     10.022228    0.077609     14.0     4.315200       3.699400
  Mu  eq5j  eq0b   1050    1200       1    150.600021    1.489462    105.0    10.246951      10.246951
  Mu  eq5j  eq0b   1200     Inf       1    225.300004    1.080842    161.0    12.688578      12.688578
  Mu  eq5j  eq0b    400     500       1    437.274208    6.642639    390.0    19.748418      19.748418
  Mu  eq5j  eq0b    500     600       1    661.589832    6.502297    565.0    23.769729      23.769729
  Mu  eq5j  eq0b    600     750       1    781.425151    4.088149    687.0    26.210685      26.210685
  Mu  eq5j  eq0b    750     900       1    462.427978    2.843310    392.0    19.798990      19.798990
  Mu  eq5j  eq0b    900    1050       1    274.635842    2.268884    224.0    14.966630      14.966630
  Mu  eq5j  eq1b   1050    1200       1     87.758977    0.569128     61.0     7.810250       7.810250
  Mu  eq5j  eq1b   1200     Inf       1    108.651677    0.401517     95.0     9.746794       9.746794
  Mu  eq5j  eq1b    400     500       1    511.548031    4.894863    456.0    21.354157      21.354157
  Mu  eq5j  eq1b    500     600       1    701.583408    5.637924    654.0    25.573424      25.573424
  Mu  eq5j  eq1b    600     750       1    712.625184    5.546874    672.0    25.922963      25.922963
  Mu  eq5j  eq1b    750     900       1    357.862526    2.409666    344.0    18.547237      18.547237
  Mu  eq5j  eq1b    900    1050       1    171.867460    1.087451    172.0    13.114877      13.114877
  Mu  eq5j  eq2b   1050    1200       1     40.205994    0.361622     40.0     6.324555       6.324555
  Mu  eq5j  eq2b   1200     Inf       1     42.553428    0.231352     35.0     5.916080       5.916080
  Mu  eq5j  eq2b    400     500       1    288.158107    3.083690    290.0    17.029386      17.029386
  Mu  eq5j  eq2b    500     600       1    411.410201    3.371422    412.0    20.297783      20.297783
  Mu  eq5j  eq2b    600     750       1    416.059394    2.800659    444.0    21.071308      21.071308
  Mu  eq5j  eq2b    750     900       1    193.754566    1.536679    199.0    14.106736      14.106736
  Mu  eq5j  eq2b    900    1050       1     81.411655    0.708711     74.0     8.602325       8.602325
  Mu  eq5j  eq3b    400     500       1     30.928543    0.505164     45.0     6.708204       6.708204
  Mu  eq5j  eq3b    500     600       1     44.846122    0.613336     44.0     6.633250       6.633250
  Mu  eq5j  eq3b    600     750       1     45.904700    0.535578     45.0     6.708204       6.708204
  Mu  eq5j  eq3b    750     900       1     22.906836    0.278479     34.0     5.830952       5.830952
  Mu  eq5j  eq3b    900     Inf       1     19.613145    0.115776     16.0     4.799100       3.666200
  Mu  eq5j  ge4b    400     Inf       1      8.823259    0.097161      8.0     3.318700       2.698800
  Mu  ge2a  eq0b    200     250       1  22226.158411   80.841722  23634.0   153.733536     153.733536
  Mu  ge2a  eq0b    250     300       1  20617.375278   77.318955  22465.0   149.883288     149.883288
  Mu  ge2a  eq0b    300     350       1  15550.455475   66.203930  16561.0   128.689549     128.689549
  Mu  ge2a  eq0b    350     400       1   9903.921113   48.104944  10147.0   100.732319     100.732319
  Mu  ge2a  eq0b    400     500       1   8590.094668   43.301993   8813.0    93.877580      93.877580
  Mu  ge2a  eq0b    500     600       1   2512.718117   13.694017   2527.0    50.269275      50.269275
  Mu  ge2a  eq0b    600     750       1    912.516595    4.525140   1000.0    31.622777      31.622777
  Mu  ge2a  eq0b    750     900       1    185.421935    1.891231    214.0    14.628739      14.628739
  Mu  ge2a  eq0b    900     Inf       1     71.445465    0.900803     71.0     8.426150       8.426150
  Mu  ge2a  eq1b    200     250       1   3668.511242   14.374754   4399.0    66.324958      66.324958
  Mu  ge2a  eq1b    250     300       1   4537.661610   15.294007   5272.0    72.608539      72.608539
  Mu  ge2a  eq1b    300     350       1   3758.317873   14.011225   4386.0    66.226883      66.226883
  Mu  ge2a  eq1b    350     400       1   2776.548745   11.145472   3098.0    55.659680      55.659680
  Mu  ge2a  eq1b    400     500       1   2596.029740   11.049110   3038.0    55.118055      55.118055
  Mu  ge2a  eq1b    500     600       1    791.648402    5.209771    912.0    30.199338      30.199338
  Mu  ge2a  eq1b    600     750       1    290.222848    2.548853    337.0    18.357560      18.357560
  Mu  ge2a  eq1b    750     900       1     56.222861    0.817420     78.0     8.831761       8.831761
  Mu  ge2a  eq1b    900     Inf       1     16.702310    0.300205     17.0     4.808400       4.209500
  Mu  ge2a  eq2b    200     250       1    263.705937    2.833151    281.0    16.763055      16.763055
  Mu  ge2a  eq2b    250     300       1    589.777893    4.078799    685.0    26.172505      26.172505
  Mu  ge2a  eq2b    300     350       1    882.914660    5.676417    971.0    31.160873      31.160873
  Mu  ge2a  eq2b    350     400       1    869.277998    5.396396    952.0    30.854497      30.854497
  Mu  ge2a  eq2b    400     500       1    941.874533    5.832171    982.0    31.336879      31.336879
  Mu  ge2a  eq2b    500     600       1    287.271744    2.938128    331.0    18.193405      18.193405
  Mu  ge2a  eq2b    600     750       1    109.714307    1.575687    104.0    10.198039      10.198039
  Mu  ge2a  eq2b    750     900       1     19.325771    0.416565     23.0     5.321600       4.684800
  Mu  ge2a  eq2b    900     Inf       1      4.676952    0.158847     10.0     3.806000       3.223600
  Mu  ge2a  eq3b    200     250       1      2.896138    0.137726      2.0     2.250400       1.264200
  Mu  ge2a  eq3b    250     300       1     17.653258    0.311121     11.0     3.819400       3.193600
  Mu  ge2a  eq3b    300     350       1     43.910582    0.516846     48.0     6.928203       6.928203
  Mu  ge2a  eq3b    350     400       1     55.547870    0.603698     67.0     8.185353       8.185353
  Mu  ge2a  eq3b    400     500       1     71.407313    0.717106     84.0     9.165151       9.165151
  Mu  ge2a  eq3b    500     600       1     25.903600    0.416960     40.0     6.324555       6.324555
  Mu  ge2a  eq3b    600     Inf       1     12.902890    0.229757     24.0     5.327800       4.675100
  Mu  ge6j  eq0b   1050    1200       1    104.649591    1.190069     79.0     8.888194       8.888194
  Mu  ge6j  eq0b   1200     Inf       1    186.708609    0.783883    170.0    13.038405      13.038405
  Mu  ge6j  eq0b    400     500       1     35.894930    1.692013     34.0     5.830952       5.830952
  Mu  ge6j  eq0b    500     600       1    161.121287    3.173840    111.0    10.535654      10.535654
  Mu  ge6j  eq0b    600     750       1    293.714014    2.463827    226.0    15.033296      15.033296
  Mu  ge6j  eq0b    750     900       1    240.704633    1.854621    198.0    14.071247      14.071247
  Mu  ge6j  eq0b    900    1050       1    163.374227    1.383563    132.0    11.489125      11.489125
  Mu  ge6j  eq1b   1050    1200       1    109.382828    0.584771     86.0     9.273618       9.273618
  Mu  ge6j  eq1b   1200     Inf       1    160.042816    0.473060    131.0    11.445523      11.445523
  Mu  ge6j  eq1b    400     500       1     49.966570    1.515458     53.0     7.280110       7.280110
  Mu  ge6j  eq1b    500     600       1    217.923175    2.964500    194.0    13.928388      13.928388
  Mu  ge6j  eq1b    600     750       1    409.593019    3.874934    391.0    19.773720      19.773720
  Mu  ge6j  eq1b    750     900       1    300.313663    2.610566    274.0    16.552945      16.552945
  Mu  ge6j  eq1b    900    1050       1    186.014353    1.097816    179.0    13.379088      13.379088
  Mu  ge6j  eq2b   1050    1200       1     69.544782    0.452932     57.0     7.549834       7.549834
  Mu  ge6j  eq2b   1200     Inf       1     92.284578    0.296785     78.0     8.831761       8.831761
  Mu  ge6j  eq2b    400     500       1     28.977701    0.813937     36.0     6.000000       6.000000
  Mu  ge6j  eq2b    500     600       1    138.155923    1.799710    135.0    11.618950      11.618950
  Mu  ge6j  eq2b    600     750       1    267.566752    2.255960    255.0    15.968719      15.968719
  Mu  ge6j  eq2b    750     900       1    195.127848    1.166144    209.0    14.456832      14.456832
  Mu  ge6j  eq2b    900    1050       1    120.379156    0.708472    121.0    11.000000      11.000000
  Mu  ge6j  eq3b   1050    1200       1     12.533944    0.130267     14.0     4.315200       3.699400
  Mu  ge6j  eq3b   1200     Inf       1     17.709684    0.085512     13.0     4.304300       3.721700
  Mu  ge6j  eq3b    400     500       1      3.957299    0.192292      2.0     2.250400       1.264200
  Mu  ge6j  eq3b    500     600       1     19.124839    0.393065     14.0     4.315200       3.699400
  Mu  ge6j  eq3b    600     750       1     41.522943    0.592041     29.0     5.827500       5.175300
  Mu  ge6j  eq3b    750     900       1     32.020890    0.363511     35.0     5.916080       5.916080
  Mu  ge6j  eq3b    900    1050       1     20.999421    0.224626     18.0     4.816900       4.194000
  Mu  ge6j  ge4b    400     Inf       1     16.413497    0.133034      8.0     3.318700       2.698800
MuMu  eq1j  eq0b    200     250       1   7490.395196   37.609181   7796.0    88.294960      88.294960
MuMu  eq1j  eq0b    250     300       1   2942.168821   21.876749   3048.0    55.208695      55.208695
MuMu  eq1j  eq0b    300     350       1   1311.683838   11.984504   1400.0    37.416574      37.416574
MuMu  eq1j  eq0b    350     400       1    617.439921    5.296003    693.0    26.324893      26.324893
MuMu  eq1j  eq0b    400     500       1    460.644136    3.292257    496.0    22.271057      22.271057
MuMu  eq1j  eq0b    500     600       1    133.371412    1.275124    150.0    12.247449      12.247449
MuMu  eq1j  eq0b    600     750       1     49.470509    0.514590     64.0     8.000000       8.000000
MuMu  eq1j  eq0b    750     900       1     11.169549    0.228936     10.0     3.806000       3.223600
MuMu  eq1j  eq0b    900     Inf       1      4.610816    0.165837      7.0     3.300600       2.749600
MuMu  eq1j  eq1b    200     250       1    363.232064    5.170397    397.0    19.924859      19.924859
MuMu  eq1j  eq1b    250     300       1    137.891941    2.404350    158.0    12.569805      12.569805
MuMu  eq1j  eq1b    300     350       1     63.489994    1.232359     62.0     7.874008       7.874008
MuMu  eq1j  eq1b    350     400       1     31.413036    0.495623     25.0     5.804900       4.666400
MuMu  eq1j  eq1b    400     500       1     21.416462    0.341800     27.0     5.816900       5.191600
MuMu  eq1j  eq1b    500     600       1      6.271626    0.115204     10.0     3.806000       3.223600
MuMu  eq1j  eq1b    600     Inf       1      3.813968    0.062460      7.0     3.300600       2.749600
MuMu  eq2j  eq0b   1050    1200       1     26.771806    0.500072     21.0     5.307900       4.708000
MuMu  eq2j  eq0b   1200     Inf       1     30.225157    0.385656     19.0     4.824700       4.180600
MuMu  eq2j  eq0b    200     250       1    259.048372    6.637306    298.0    17.262677      17.262677
MuMu  eq2j  eq0b    250     300       1    491.424177    9.169802    554.0    23.537205      23.537205
MuMu  eq2j  eq0b    300     350       1    460.913883    7.051865    507.0    22.516660      22.516660
MuMu  eq2j  eq0b    350     400       1    378.269457    3.969372    423.0    20.566964      20.566964
MuMu  eq2j  eq0b    400     500       1    608.280724    3.896320    590.0    24.289916      24.289916
MuMu  eq2j  eq0b    500     600       1    353.963774    2.285458    336.0    18.330303      18.330303
MuMu  eq2j  eq0b    600     750       1    251.071351    1.293419    255.0    15.968719      15.968719
MuMu  eq2j  eq0b    750     900       1    109.968669    0.970038    112.0    10.583005      10.583005
MuMu  eq2j  eq0b    900    1050       1     49.938408    0.655843     45.0     6.708204       6.708204
MuMu  eq2j  eq1b   1050    1200       1      2.632147    0.073688      4.0     2.776400       1.664100
MuMu  eq2j  eq1b   1200     Inf       1      4.088150    0.068181      3.0     2.301200       1.896400
MuMu  eq2j  eq1b    200     250       1     26.427093    1.288937     40.0     6.324555       6.324555
MuMu  eq2j  eq1b    250     300       1     49.646496    1.812782     65.0     8.062258       8.062258
MuMu  eq2j  eq1b    300     350       1     49.244203    1.290089     55.0     7.416198       7.416198
MuMu  eq2j  eq1b    350     400       1     37.978737    0.700131     55.0     7.416198       7.416198
MuMu  eq2j  eq1b    400     500       1     61.457440    0.735429     75.0     8.660254       8.660254
MuMu  eq2j  eq1b    500     600       1     39.059417    0.447773     40.0     6.324555       6.324555
MuMu  eq2j  eq1b    600     750       1     29.681753    0.246938     34.0     5.830952       5.830952
MuMu  eq2j  eq1b    750     900       1     11.373543    0.184270     15.0     4.324900       3.681300
MuMu  eq2j  eq1b    900    1050       1      5.122749    0.101710      7.0     3.300600       2.749600
MuMu  eq2j  eq2b    200     250       1      1.706157    0.294623      4.0     2.776400       1.664100
MuMu  eq2j  eq2b    250     300       1      4.744880    0.615219      5.0     2.806400       2.249500
MuMu  eq2j  eq2b    300     350       1      3.127877    0.254436      4.0     2.776400       1.664100
MuMu  eq2j  eq2b    350     400       1      2.256208    0.164009      1.0     1.750500       0.632100
MuMu  eq2j  eq2b    400     500       1      3.701424    0.162931      2.0     2.250400       1.264200
MuMu  eq2j  eq2b    500     600       1      2.180941    0.089927      1.0     1.750500       0.632100
MuMu  eq2j  eq2b    600     Inf       1      2.483536    0.060621      2.0     2.250400       1.264200
MuMu  eq3j  eq0b   1050    1200       1     36.602243    0.529315     24.0     5.327800       4.675100
MuMu  eq3j  eq0b   1200     Inf       1     51.187034    0.529975     42.0     6.480741       6.480741
MuMu  eq3j  eq0b    200     250       1      0.448070    0.306896      0.0     1.290400       0.000000
MuMu  eq3j  eq0b    250     300       1     64.387643    3.072647     88.0     9.380832       9.380832
MuMu  eq3j  eq0b    300     350       1    196.320813    4.378249    219.0    14.798649      14.798649
MuMu  eq3j  eq0b    350     400       1    245.119602    3.109739    259.0    16.093477      16.093477
MuMu  eq3j  eq0b    400     500       1    468.121459    3.472521    454.0    21.307276      21.307276
MuMu  eq3j  eq0b    500     600       1    341.457423    2.178280    334.0    18.275667      18.275667
MuMu  eq3j  eq0b    600     750       1    292.727682    1.373546    238.0    15.427249      15.427249
MuMu  eq3j  eq0b    750     900       1    139.686941    1.040942    109.0    10.440307      10.440307
MuMu  eq3j  eq0b    900    1050       1     73.218803    0.821279     62.0     7.874008       7.874008
MuMu  eq3j  eq1b   1050    1200       1      5.998040    0.113701     10.0     3.806000       3.223600
MuMu  eq3j  eq1b   1200     Inf       1      9.240841    0.109792      7.0     3.300600       2.749600
MuMu  eq3j  eq1b    200     250       1      0.178011    0.138498      0.0     1.290400       0.000000
MuMu  eq3j  eq1b    250     300       1     10.699486    0.772275     13.0     4.304300       3.721700
MuMu  eq3j  eq1b    300     350       1     32.679045    1.065975     44.0     6.633250       6.633250
MuMu  eq3j  eq1b    350     400       1     39.549843    0.768474     37.0     6.082763       6.082763
MuMu  eq3j  eq1b    400     500       1     79.928876    0.925018     90.0     9.486833       9.486833
MuMu  eq3j  eq1b    500     600       1     62.922201    0.606988     77.0     8.774964       8.774964
MuMu  eq3j  eq1b    600     750       1     56.079415    0.462879     53.0     7.280110       7.280110
MuMu  eq3j  eq1b    750     900       1     26.525814    0.283952     23.0     5.321600       4.684800
MuMu  eq3j  eq1b    900    1050       1     14.968689    0.209459     13.0     4.304300       3.721700
MuMu  eq3j  eq2b   1050    1200       1      0.537607    0.029172      0.0     1.290400       0.000000
MuMu  eq3j  eq2b   1200     Inf       1      0.752852    0.024014      0.0     1.290400       0.000000
MuMu  eq3j  eq2b    250     300       1      1.518413    0.229212      2.0     2.250400       1.264200
MuMu  eq3j  eq2b    300     350       1      4.491616    0.371318      6.0     3.278300       2.176900
MuMu  eq3j  eq2b    350     400       1      5.377983    0.292567      3.0     2.301200       1.896400
MuMu  eq3j  eq2b    400     500       1     11.019424    0.352367     12.0     4.292000       3.170900
MuMu  eq3j  eq2b    500     600       1      8.175885    0.227447      8.0     3.318700       2.698800
MuMu  eq3j  eq2b    600     750       1      7.813084    0.191137     11.0     3.819400       3.193600
MuMu  eq3j  eq2b    750     900       1      2.871464    0.094481      3.0     2.301200       1.896400
MuMu  eq3j  eq2b    900    1050       1      1.646467    0.066392      0.0     1.290400       0.000000
MuMu  eq3j  eq3b    300     350       1      0.139174    0.036797      1.0     1.750500       0.632100
MuMu  eq3j  eq3b    350     400       1      0.106065    0.012980      0.0     1.290400       0.000000
MuMu  eq3j  eq3b    400     500       1      0.287347    0.026266      0.0     1.290400       0.000000
MuMu  eq3j  eq3b    500     600       1      0.315757    0.027215      0.0     1.290400       0.000000
MuMu  eq3j  eq3b    600     Inf       1      0.439639    0.016238      0.0     1.290400       0.000000
MuMu  eq4j  eq0b   1050    1200       1     30.318028    0.501097     13.0     4.304300       3.721700
MuMu  eq4j  eq0b   1200     Inf       1     40.197548    0.443369     39.0     6.244998       6.244998
MuMu  eq4j  eq0b    400     500       1    191.510663    2.181004    173.0    13.152946      13.152946
MuMu  eq4j  eq0b    500     600       1    179.864763    1.671761    144.0    12.000000      12.000000
MuMu  eq4j  eq0b    600     750       1    180.522630    1.139695    135.0    11.618950      11.618950
MuMu  eq4j  eq0b    750     900       1     97.594028    0.861919     63.0     7.937254       7.937254
MuMu  eq4j  eq0b    900    1050       1     53.058066    0.651928     31.0     5.567764       5.567764
MuMu  eq4j  eq1b   1050    1200       1      6.869540    0.130803      2.0     2.250400       1.264200
MuMu  eq4j  eq1b   1200     Inf       1      9.757851    0.118262     13.0     4.304300       3.721700
MuMu  eq4j  eq1b    400     500       1     47.386614    0.805799     50.0     7.071068       7.071068
MuMu  eq4j  eq1b    500     600       1     44.034766    0.522357     52.0     7.211103       7.211103
MuMu  eq4j  eq1b    600     750       1     44.434870    0.407743     56.0     7.483315       7.483315
MuMu  eq4j  eq1b    750     900       1     25.667998    0.297640     25.0     5.804900       4.666400
MuMu  eq4j  eq1b    900    1050       1     14.747297    0.199482      9.0     3.790500       2.665800
MuMu  eq4j  eq2b   1050    1200       1      0.981121    0.041199      2.0     2.250400       1.264200
MuMu  eq4j  eq2b   1200     Inf       1      1.359532    0.037193      2.0     2.250400       1.264200
MuMu  eq4j  eq2b    400     500       1      9.051408    0.362816     16.0     4.799100       3.666200
MuMu  eq4j  eq2b    500     600       1      7.290788    0.230272     12.0     4.292000       3.170900
MuMu  eq4j  eq2b    600     750       1      7.721939    0.175538     11.0     3.819400       3.193600
MuMu  eq4j  eq2b    750     900       1      4.370884    0.128605      8.0     3.318700       2.698800
MuMu  eq4j  eq2b    900    1050       1      2.435323    0.084938      1.0     1.750500       0.632100
MuMu  eq4j  eq3b    400     500       1      0.623625    0.070293      1.0     1.750500       0.632100
MuMu  eq4j  eq3b    500     600       1      0.371042    0.020305      0.0     1.290400       0.000000
MuMu  eq4j  eq3b    600     750       1      0.474846    0.025253      0.0     1.290400       0.000000
MuMu  eq4j  eq3b    750     900       1      0.241474    0.013162      0.0     1.290400       0.000000
MuMu  eq4j  eq3b    900     Inf       1      0.337562    0.013366      0.0     1.290400       0.000000
MuMu  eq5j  eq0b   1050    1200       1     14.338357    0.336750      9.0     3.790500       2.665800
MuMu  eq5j  eq0b   1200     Inf       1     23.963223    0.339488     16.0     4.799100       3.666200
MuMu  eq5j  eq0b    400     500       1     27.134033    0.839513     22.0     5.315000       4.695700
MuMu  eq5j  eq0b    500     600       1     47.327619    0.854159     47.0     6.855655       6.855655
MuMu  eq5j  eq0b    600     750       1     61.686726    0.675588     63.0     7.937254       7.937254
MuMu  eq5j  eq0b    750     900       1     40.157727    0.530211     41.0     6.403124       6.403124
MuMu  eq5j  eq0b    900    1050       1     26.112292    0.478683     21.0     5.307900       4.708000
MuMu  eq5j  eq1b   1050    1200       1      4.708822    0.106513     10.0     3.806000       3.223600
MuMu  eq5j  eq1b   1200     Inf       1      7.887011    0.105860      6.0     3.278300       2.176900
MuMu  eq5j  eq1b    400     500       1      9.193061    0.371378     13.0     4.304300       3.721700
MuMu  eq5j  eq1b    500     600       1     15.097641    0.343233     15.0     4.324900       3.681300
MuMu  eq5j  eq1b    600     750       1     21.629914    0.306779     16.0     4.799100       3.666200
MuMu  eq5j  eq1b    750     900       1     15.383156    0.244932     15.0     4.324900       3.681300
MuMu  eq5j  eq1b    900    1050       1      8.074859    0.142035     11.0     3.819400       3.193600
MuMu  eq5j  eq2b   1050    1200       1      0.962428    0.041705      2.0     2.250400       1.264200
MuMu  eq5j  eq2b   1200     Inf       1      1.406758    0.038852      1.0     1.750500       0.632100
MuMu  eq5j  eq2b    400     500       1      1.841848    0.154845      4.0     2.776400       1.664100
MuMu  eq5j  eq2b    500     600       1      3.337771    0.172778      2.0     2.250400       1.264200
MuMu  eq5j  eq2b    600     750       1      4.744419    0.153037      2.0     2.250400       1.264200
MuMu  eq5j  eq2b    750     900       1      3.650944    0.123350      4.0     2.776400       1.664100
MuMu  eq5j  eq2b    900    1050       1      1.567023    0.059342      2.0     2.250400       1.264200
MuMu  eq5j  eq3b    400     500       1      0.136946    0.021625      0.0     1.290400       0.000000
MuMu  eq5j  eq3b    500     600       1      0.356258    0.044329      0.0     1.290400       0.000000
MuMu  eq5j  eq3b    600     750       1      0.429465    0.024627      0.0     1.290400       0.000000
MuMu  eq5j  eq3b    750     900       1      0.401826    0.033346      1.0     1.750500       0.632100
MuMu  eq5j  eq3b    900     Inf       1      0.364446    0.013730      0.0     1.290400       0.000000
MuMu  eq5j  ge4b    400     Inf       1      0.128178    0.010030      0.0     1.290400       0.000000
MuMu  ge2a  eq0b    200     250       1   2276.920911   21.732428   2511.0    50.109879      50.109879
MuMu  ge2a  eq0b    250     300       1   2179.985508   18.696164   2415.0    49.142650      49.142650
MuMu  ge2a  eq0b    300     350       1   1678.377641   13.339598   1784.0    42.237424      42.237424
MuMu  ge2a  eq0b    350     400       1   1071.105821    6.961894   1111.0    33.331667      33.331667
MuMu  ge2a  eq0b    400     500       1    951.574190    4.984829    966.0    31.080541      31.080541
MuMu  ge2a  eq0b    500     600       1    289.746812    1.974429    287.0    16.941074      16.941074
MuMu  ge2a  eq0b    600     750       1    109.829453    0.817547    123.0    11.090537      11.090537
MuMu  ge2a  eq0b    750     900       1     22.395670    0.379144     20.0     5.300300       4.169000
MuMu  ge2a  eq0b    900     Inf       1      9.968682    0.285511      8.0     3.318700       2.698800
MuMu  ge2a  eq1b    200     250       1    235.806195    3.868901    305.0    17.464249      17.464249
MuMu  ge2a  eq1b    250     300       1    253.074912    3.645225    274.0    16.552945      16.552945
MuMu  ge2a  eq1b    300     350       1    205.816308    2.535295    242.0    15.556349      15.556349
MuMu  ge2a  eq1b    350     400       1    137.059776    1.565964    199.0    14.106736      14.106736
MuMu  ge2a  eq1b    400     500       1    148.302816    1.273280    167.0    12.922848      12.922848
MuMu  ge2a  eq1b    500     600       1     46.437739    0.560392     60.0     7.745967       7.745967
MuMu  ge2a  eq1b    600     750       1     17.550231    0.387865     24.0     5.327800       4.675100
MuMu  ge2a  eq1b    750     900       1      3.247124    0.082356      5.0     2.806400       2.249500
MuMu  ge2a  eq1b    900     Inf       1      1.795812    0.070933      4.0     2.776400       1.664100
MuMu  ge2a  eq2b    200     250       1     20.412974    1.122859     34.0     5.830952       5.830952
MuMu  ge2a  eq2b    250     300       1     25.174743    1.091993     28.0     5.822300       5.183100
MuMu  ge2a  eq2b    300     350       1     21.153241    0.728775     26.0     5.811000       5.200900
MuMu  ge2a  eq2b    350     400       1     16.669936    0.584794     31.0     5.567764       5.567764
MuMu  ge2a  eq2b    400     500       1     19.728840    0.533791     19.0     4.824700       4.180600
MuMu  ge2a  eq2b    500     600       1      6.018730    0.216532      3.0     2.301200       1.896400
MuMu  ge2a  eq2b    600     750       1      2.309153    0.205441      0.0     1.290400       0.000000
MuMu  ge2a  eq2b    750     900       1      0.368888    0.026175      2.0     2.250400       1.264200
MuMu  ge2a  eq2b    900     Inf       1      0.144860    0.013786      1.0     1.750500       0.632100
MuMu  ge2a  eq3b    200     250       1      0.189178    0.075458      0.0     1.290400       0.000000
MuMu  ge2a  eq3b    250     300       1      0.476451    0.078462      0.0     1.290400       0.000000
MuMu  ge2a  eq3b    300     350       1      0.503001    0.060188      2.0     2.250400       1.264200
MuMu  ge2a  eq3b    350     400       1      0.536522    0.063277      4.0     2.776400       1.664100
MuMu  ge2a  eq3b    400     500       1      0.985012    0.086220      0.0     1.290400       0.000000
MuMu  ge2a  eq3b    500     600       1      0.377028    0.052713      0.0     1.290400       0.000000
MuMu  ge2a  eq3b    600     Inf       1      0.211302    0.024739      1.0     1.750500       0.632100
MuMu  ge6j  eq0b   1050    1200       1      7.689784    0.220430      2.0     2.250400       1.264200
MuMu  ge6j  eq0b   1200     Inf       1     15.307811    0.247747     15.0     4.324900       3.681300
MuMu  ge6j  eq0b    400     500       1      2.236317    0.243202      0.0     1.290400       0.000000
MuMu  ge6j  eq0b    500     600       1      8.158210    0.369442      3.0     2.301200       1.896400
MuMu  ge6j  eq0b    600     750       1     17.679086    0.427660     14.0     4.315200       3.699400
MuMu  ge6j  eq0b    750     900       1     17.214485    0.331772     14.0     4.315200       3.699400
MuMu  ge6j  eq0b    900    1050       1     11.587787    0.293236      7.0     3.300600       2.749600
MuMu  ge6j  eq1b   1050    1200       1      3.896494    0.091049      4.0     2.776400       1.664100
MuMu  ge6j  eq1b   1200     Inf       1      7.249562    0.099038      3.0     2.301200       1.896400
MuMu  ge6j  eq1b    400     500       1      0.906428    0.109182      1.0     1.750500       0.632100
MuMu  ge6j  eq1b    500     600       1      3.471955    0.204388      8.0     3.318700       2.698800
MuMu  ge6j  eq1b    600     750       1      8.959200    0.248565      6.0     3.278300       2.176900
MuMu  ge6j  eq1b    750     900       1      8.010200    0.175643      6.0     3.278300       2.176900
MuMu  ge6j  eq1b    900    1050       1      5.593467    0.117025      7.0     3.300600       2.749600
MuMu  ge6j  eq2b   1050    1200       1      0.946908    0.039928      0.0     1.290400       0.000000
MuMu  ge6j  eq2b   1200     Inf       1      1.617676    0.042625      1.0     1.750500       0.632100
MuMu  ge6j  eq2b    400     500       1      0.217402    0.056781      0.0     1.290400       0.000000
MuMu  ge6j  eq2b    500     600       1      0.883810    0.104747      2.0     2.250400       1.264200
MuMu  ge6j  eq2b    600     750       1      2.531163    0.145478      2.0     2.250400       1.264200
MuMu  ge6j  eq2b    750     900       1      2.044966    0.092338      4.0     2.776400       1.664100
MuMu  ge6j  eq2b    900    1050       1      1.455541    0.057899      3.0     2.301200       1.896400
MuMu  ge6j  eq3b   1050    1200       1      0.140534    0.010098      1.0     1.750500       0.632100
MuMu  ge6j  eq3b   1200     Inf       1      0.245383    0.010156      0.0     1.290400       0.000000
MuMu  ge6j  eq3b    400     500       1      0.024093    0.006666      1.0     1.750500       0.632100
MuMu  ge6j  eq3b    500     600       1      0.107135    0.021091      1.0     1.750500       0.632100
MuMu  ge6j  eq3b    600     750       1      0.396625    0.051558      0.0     1.290400       0.000000
MuMu  ge6j  eq3b    750     900       1      0.253296    0.024941      0.0     1.290400       0.000000
MuMu  ge6j  eq3b    900    1050       1      0.205810    0.014252      0.0     1.290400       0.000000
MuMu  ge6j  ge4b    400     Inf       1      0.153563    0.009724      0.0     1.290400       0.000000