     njet  bjet  ht_low      ht_high mht_low mht_high           bkg       bkg_err        bkgTtw    bkgTtw_err       bkgZinv   bkgZinv_err        bkgQcd    bkgQcd_err      data  data_err_up  data_err_down
60   eq1j  eq0b   200.0   400.000000     200      400  2.548561e+05  3.145930e+04  1.064689e+05  1.629862e+04  1.482860e+05  1.669336e+04  1.011181e+02  7.219777e+01  291353.0   539.771248     539.771248
61   eq1j  eq0b   200.0   400.000000     400      600  2.548561e-04  3.146097e-05  1.064689e-04  1.629863e-05  1.482860e-04  1.669336e-05  1.011181e-07  9.111418e-08       0.0     1.290400       0.000000
62   eq1j  eq0b   200.0   400.000000     600      900  2.548561e-04  3.146097e-05  1.064689e-04  1.629863e-05  1.482860e-04  1.669336e-05  1.011181e-07  9.111418e-08       0.0     1.290400       0.000000
63   eq1j  eq0b   200.0   400.000000     900      Inf  2.548561e-04  3.146097e-05  1.064689e-04  1.629863e-05  1.482860e-04  1.669336e-05  1.011181e-07  9.111418e-08       0.0     1.290400       0.000000
112  eq1j  eq0b   400.0   600.000000     200      400  7.342194e+03  6.808222e+02  2.046066e+03  3.403339e+02  5.295739e+03  3.568583e+02  3.891000e-01  3.482809e-01    8572.0    92.585096      92.585096
113  eq1j  eq0b   400.0   600.000000     400      600  7.342193e-06  6.808214e-07  2.046066e-06  3.403339e-07  5.295739e-06  3.568584e-07  3.891000e-10  3.504037e-10       0.0     1.290400       0.000000
114  eq1j  eq0b   400.0   600.000000     600      900  7.342193e-06  6.808214e-07  2.046066e-06  3.403339e-07  5.295739e-06  3.568584e-07  3.891000e-10  3.504037e-10       0.0     1.290400       0.000000
115  eq1j  eq0b   400.0   600.000000     900      Inf  7.342193e-06  6.808214e-07  2.046066e-06  3.403339e-07  5.295739e-06  3.568584e-07  3.891000e-10  3.504037e-10       0.0     1.290400       0.000000
220  eq1j  eq0b   600.0   900.000000     200      400  6.800553e+02  2.171914e+02  1.358325e+02  5.531075e+01  5.441871e+02  1.445232e+02  3.570000e-02  3.540539e-02     878.0    29.631065      29.631065
221  eq1j  eq0b   600.0   900.000000     400      600  6.800552e-07  2.171914e-07  1.358325e-07  5.531076e-08  5.441871e-07  1.445233e-07  3.570000e-11  3.542265e-11       0.0     1.290400       0.000000
222  eq1j  eq0b   600.0   900.000000     600      900  6.800552e-07  2.171914e-07  1.358325e-07  5.531076e-08  5.441871e-07  1.445233e-07  3.570000e-11  3.542265e-11       0.0     1.290400       0.000000
223  eq1j  eq0b   600.0   900.000000     900      Inf  6.800552e-07  2.171914e-07  1.358325e-07  5.531076e-08  5.441871e-07  1.445233e-07  3.570000e-11  3.542265e-11       0.0     1.290400       0.000000
380  eq1j  eq0b   900.0          inf     200      400  5.693450e+01  3.296032e+01  7.388700e+00  5.862002e+00  4.954580e+01  2.733007e+01  1.000000e-12  9.981755e-13      57.0     7.549834       7.549834
381  eq1j  eq0b   900.0          inf     400      600  5.693450e-08  3.296033e-08  7.388700e-09  5.862001e-09  4.954580e-08  2.733007e-08  1.000000e-21  0.000000e+00       0.0     1.290400       0.000000
382  eq1j  eq0b   900.0          inf     600      900  5.693450e-08  3.296033e-08  7.388700e-09  5.862001e-09  4.954580e-08  2.733007e-08  1.000000e-21  0.000000e+00       0.0     1.290400       0.000000
383  eq1j  eq0b   900.0          inf     900      Inf  5.693450e-08  3.296033e-08  7.388700e-09  5.862001e-09  4.954580e-08  2.733007e-08  1.000000e-21  0.000000e+00       0.0     1.290400       0.000000
76   eq1j  eq1b   200.0   400.000000     200      400  8.864285e+03  1.057189e+03  2.980198e+03  4.413384e+02  5.880570e+03  6.583063e+02  3.517200e+00  2.507180e+00   11072.0   105.223572     105.223572
77   eq1j  eq1b   200.0   400.000000     400      600  8.864285e-06  1.057192e-06  2.980198e-06  4.413384e-07  5.880570e-06  6.583064e-07  3.517200e-09  2.519335e-09       0.0     1.290400       0.000000
78   eq1j  eq1b   200.0   400.000000     600      900  8.864285e-06  1.057192e-06  2.980198e-06  4.413384e-07  5.880570e-06  6.583064e-07  3.517200e-09  2.519335e-09       0.0     1.290400       0.000000
79   eq1j  eq1b   200.0   400.000000     900      Inf  8.864285e-06  1.057192e-06  2.980198e-06  4.413384e-07  5.880570e-06  6.583064e-07  3.517200e-09  2.519335e-09       0.0     1.290400       0.000000
140  eq1j  eq1b   400.0   600.000000     200      400  3.345776e+02  3.521015e+01  8.716450e+01  1.470230e+01  2.473953e+02  2.070811e+01  1.780000e-02  1.588119e-02     406.0    20.149442      20.149442
141  eq1j  eq1b   400.0   600.000000     400      600  3.345776e-07  3.521015e-08  8.716450e-08  1.470231e-08  2.473953e-07  2.070811e-08  1.780000e-11  1.607705e-11       0.0     1.290400       0.000000
142  eq1j  eq1b   400.0   600.000000     600      900  3.345776e-07  3.521015e-08  8.716450e-08  1.470231e-08  2.473953e-07  2.070811e-08  1.780000e-11  1.607705e-11       0.0     1.290400       0.000000
143  eq1j  eq1b   400.0   600.000000     900      Inf  3.345776e-07  3.521015e-08  8.716450e-08  1.470231e-08  2.473953e-07  2.070811e-08  1.780000e-11  1.607705e-11       0.0     1.290400       0.000000
304  eq1j  eq1b   600.0          inf     200      400  4.151992e+01  1.459609e+01  7.203000e+00  2.722124e+00  3.431500e+01  9.911330e+00  1.919300e-03  1.885496e-03      71.0     8.426150       8.426150
305  eq1j  eq1b   600.0          inf     400      600  4.151992e-08  1.459609e-08  7.203000e-09  2.722124e-09  3.431500e-08  9.911330e-09  1.919300e-12  1.885577e-12       0.0     1.290400       0.000000
306  eq1j  eq1b   600.0          inf     600      900  4.151992e-08  1.459609e-08  7.203000e-09  2.722124e-09  3.431500e-08  9.911330e-09  1.919300e-12  1.885577e-12       0.0     1.290400       0.000000
307  eq1j  eq1b   600.0          inf     900      Inf  4.151992e-08  1.459609e-08  7.203000e-09  2.722124e-09  3.431500e-08  9.911330e-09  1.919300e-12  1.885577e-12       0.0     1.290400       0.000000
64   eq2j  eq0b   200.0   400.000000     200      400  2.922453e+04  6.810285e+03  1.290687e+04  2.626166e+03  1.622146e+04  3.132226e+03  9.620200e+01  7.539473e+01   34934.0   186.906394     186.906394
65   eq2j  eq0b   200.0   400.000000     400      600  2.922453e-05  6.810433e-06  1.290687e-05  2.626166e-06  1.622146e-05  3.132226e-06  9.620200e-08  7.561830e-08       0.0     1.290400       0.000000
66   eq2j  eq0b   200.0   400.000000     600      900  2.922453e-05  6.810433e-06  1.290687e-05  2.626166e-06  1.622146e-05  3.132226e-06  9.620200e-08  7.561830e-08       0.0     1.290400       0.000000
67   eq2j  eq0b   200.0   400.000000     900      Inf  2.922453e-05  6.810433e-06  1.290687e-05  2.626166e-06  1.622146e-05  3.132226e-06  9.620200e-08  7.561830e-08       0.0     1.290400       0.000000
116  eq2j  eq0b   400.0   600.000000     200      400  3.274273e+03  8.267088e+02  1.226385e+03  3.063337e+02  1.968364e+03  5.133020e+02  7.952469e+01  7.061825e+01    3468.0    58.889727      58.889727
117  eq2j  eq0b   400.0   600.000000     400      600  2.176893e+03  5.597235e+02  6.440493e+02  1.975745e+02  1.479979e+03  3.682068e+02  5.286411e+01  4.927082e+01    2568.0    50.675438      50.675438
118  eq2j  eq0b   400.0   600.000000     600      900  5.451167e-06  1.240047e-06  1.870434e-06  4.430985e-07  3.448344e-06  7.182868e-07  1.323888e-07  1.239200e-07       0.0     1.290400       0.000000
119  eq2j  eq0b   400.0   600.000000     900      Inf  5.451167e-06  1.240047e-06  1.870434e-06  4.430985e-07  3.448344e-06  7.182868e-07  1.323888e-07  1.239200e-07       0.0     1.290400       0.000000
224  eq2j  eq0b   600.0   900.000000     200      400  2.766725e+02  8.120180e+01  1.029613e+02  2.983332e+01  1.669915e+02  5.879975e+01  6.719683e+00  8.399728e+00     226.0    15.033296      15.033296
225  eq2j  eq0b   600.0   900.000000     400      600  2.683821e+02  6.964130e+01  7.604895e+01  2.266511e+01  1.858135e+02  4.460303e+01  6.519713e+00  8.097414e+00     253.0    15.905974      15.905974
226  eq2j  eq0b   600.0   900.000000     600      900  2.845679e+02  1.141320e+02  5.718445e+01  2.694952e+01  2.204721e+02  7.973013e+01  6.911304e+00  8.222100e+00     303.0    17.406895      17.406895
227  eq2j  eq0b   600.0   900.000000     900      Inf  8.296224e-07  2.158344e-07  2.361947e-07  6.513936e-08  5.732771e-07  1.365818e-07  2.015070e-08  2.471111e-08       0.0     1.290400       0.000000
320  eq2j  eq0b   900.0  1200.000000     200      400  1.793429e+02  5.184046e+01  6.713307e+01  1.749586e+01  1.122099e+02  3.780247e+01  8.130696e-07  7.798777e-07     165.0    12.845233      12.845233
321  eq2j  eq0b   900.0  1200.000000     400      600  1.309105e+02  3.250599e+01  3.706279e+01  1.115527e+01  9.384766e+01  2.017212e+01  5.936437e-07  5.566914e-07     125.0    11.180340      11.180340
322  eq2j  eq0b   900.0  1200.000000     600      900  7.866203e+01  3.396983e+01  1.792760e+01  8.791114e+00  6.073442e+01  2.382484e+01  3.565847e-07  3.335624e-07      97.0     9.848858       9.848858
323  eq2j  eq0b   900.0  1200.000000     900      Inf  2.931950e+01  1.868401e+01  4.602739e+00  3.201697e+00  2.471676e+01  1.456492e+01  1.999686e-12  1.767450e-12      25.0     5.804900       4.666400
0    eq2j  eq0b  1200.0          inf     200      400  1.184494e+01  5.429777e+00  3.872048e+00  1.459623e+00  7.972895e+00  4.815136e+00  1.398893e-07  1.347879e-07       9.0     3.790500       2.665800
1    eq2j  eq0b  1200.0          inf     400      600  3.341573e+01  1.030371e+01  8.626811e+00  2.775733e+00  2.478891e+01  8.043233e+00  3.946473e-07  3.802556e-07      26.0     5.811000       5.200900
2    eq2j  eq0b  1200.0          inf     600      900  2.803640e+01  1.222959e+01  5.915892e+00  3.112478e+00  2.212050e+01  9.307354e+00  3.311000e-07  3.190257e-07      22.0     5.315000       4.695700
3    eq2j  eq0b  1200.0          inf     900      Inf  2.086014e+01  1.542860e+01  3.460649e+00  2.843677e+00  1.739949e+01  1.296686e+01  2.463634e-07  2.373792e-07      19.0     4.824700       4.180600
80   eq2j  eq1b   200.0   400.000000     200      400  3.006599e+03  6.983687e+02  1.693313e+03  3.412579e+02  1.303376e+03  2.554098e+02  9.910000e+00  7.679850e+00    3850.0    62.048368      62.048368
81   eq2j  eq1b   200.0   400.000000     400      600  3.006599e-06  6.983819e-07  1.693313e-06  3.412578e-07  1.303376e-06  2.554098e-07  9.910000e-09  7.688532e-09       0.0     1.290400       0.000000
82   eq2j  eq1b   200.0   400.000000     600      900  3.006599e-06  6.983819e-07  1.693313e-06  3.412578e-07  1.303376e-06  2.554098e-07  9.910000e-09  7.688532e-09       0.0     1.290400       0.000000
83   eq2j  eq1b   200.0   400.000000     900      Inf  3.006599e-06  6.983819e-07  1.693313e-06  3.412578e-07  1.303376e-06  2.554098e-07  9.910000e-09  7.688532e-09       0.0     1.290400       0.000000
144  eq2j  eq1b   400.0   600.000000     200      400  2.774233e+02  7.238193e+01  9.533049e+01  2.573882e+01  1.753540e+02  4.619208e+01  6.738821e+00  6.063655e+00     327.0    18.083141      18.083141
145  eq2j  eq1b   400.0   600.000000     400      600  2.192776e+02  5.547108e+01  8.036621e+01  2.137465e+01  1.335698e+02  3.383481e+01  5.341679e+00  4.819413e+00     240.0    15.491933      15.491933
146  eq2j  eq1b   400.0   600.000000     600      900  4.967010e-07  1.153059e-07  1.756967e-07  4.207993e-08  3.089238e-07  6.569121e-08  1.208050e-08  1.084497e-08       0.0     1.290400       0.000000
147  eq2j  eq1b   400.0   600.000000     900      Inf  4.967010e-07  1.153059e-07  1.756967e-07  4.207993e-08  3.089238e-07  6.569121e-08  1.208050e-08  1.084497e-08       0.0     1.290400       0.000000
248  eq2j  eq1b   600.0   900.000000     200      400  2.689440e+01  7.978394e+00  9.276897e+00  2.763954e+00  1.696409e+01  5.750030e+00  6.534185e-01  8.016939e-01      22.0     5.315000       4.695700
249  eq2j  eq1b   600.0   900.000000     400      600  2.553355e+01  6.792261e+00  7.356727e+00  2.198983e+00  1.755923e+01  4.355556e+00  6.175954e-01  7.710857e-01      39.0     6.244998       6.244998
250  eq2j  eq1b   600.0   900.000000     600      900  2.713214e+01  1.060309e+01  6.968476e+00  2.677923e+00  1.950418e+01  7.291732e+00  6.594861e-01  7.818412e-01      31.0     5.567764       5.567764
251  eq2j  eq1b   600.0   900.000000     900      Inf  7.956010e-08  2.084827e-08  2.360210e-08  6.349720e-09  5.402750e-08  1.306385e-08  1.930500e-09  2.351987e-09       0.0     1.290400       0.000000
340  eq2j  eq1b   900.0  1200.000000     200      400  1.931191e+01  5.719458e+00  6.770900e+00  1.828251e+00  1.254101e+01  4.143850e+00  2.000000e-12  1.769304e-12      17.0     4.808400       4.209500
341  eq2j  eq1b   900.0  1200.000000     400      600  1.491296e+01  3.931875e+00  5.188745e+00  1.587097e+00  9.724215e+00  2.227539e+00  2.000000e-12  1.771449e-12      15.0     4.324900       3.681300
342  eq2j  eq1b   900.0  1200.000000     600      900  7.421590e+00  3.212166e+00  1.260451e+00  5.953596e-01  6.161139e+00  2.436991e+00  2.000000e-12  1.769625e-12      12.0     4.292000       3.170900
343  eq2j  eq1b   900.0  1200.000000     900      Inf  3.167643e+00  2.065430e+00  5.418035e-01  3.732050e-01  2.625839e+00  1.598384e+00  2.000000e-12  1.769266e-12       6.0     3.278300       2.176900
20   eq2j  eq1b  1200.0          inf     200      400  1.129397e+00  5.107650e-01  4.002418e-01  1.561401e-01  7.291551e-01  4.378100e-01  1.000000e-12  9.629080e-13       1.0     1.750500       0.632100
21   eq2j  eq1b  1200.0          inf     400      600  3.401823e+00  1.069135e+00  1.098452e+00  3.529479e-01  2.303371e+00  7.741683e-01  1.000000e-12  9.646364e-13       6.0     3.278300       2.176900
22   eq2j  eq1b  1200.0          inf     600      900  2.095644e+00  9.209286e-01  4.842624e-01  2.537634e-01  1.611382e+00  6.829138e-01  1.000000e-12  9.636090e-13       1.0     1.750500       0.632100
23   eq2j  eq1b  1200.0          inf     900      Inf  1.961936e+00  1.466892e+00  3.184437e-01  2.677149e-01  1.643493e+00  1.236906e+00  1.000000e-12  9.629923e-13       4.0     2.776400       1.664100
92   eq2j  eq2b   200.0   400.000000     200      400  1.960816e+02  4.578292e+01  8.753000e+01  1.830833e+01  1.079121e+02  2.134760e+01  6.395000e-01  4.915669e-01     254.0    15.937377      15.937377
93   eq2j  eq2b   200.0   400.000000     400      600  1.960816e-07  4.578424e-08  8.753000e-08  1.830833e-08  1.079121e-07  2.134759e-08  6.395000e-10  4.906500e-10       0.0     1.290400       0.000000
94   eq2j  eq2b   200.0   400.000000     600      900  1.960816e-07  4.578424e-08  8.753000e-08  1.830833e-08  1.079121e-07  2.134759e-08  6.395000e-10  4.906500e-10       0.0     1.290400       0.000000
95   eq2j  eq2b   200.0   400.000000     900      Inf  1.960816e-07  4.578424e-08  8.753000e-08  1.830833e-08  1.079121e-07  2.134759e-08  6.395000e-10  4.906500e-10       0.0     1.290400       0.000000
168  eq2j  eq2b   400.0   600.000000     200      400  1.320695e+01  3.619923e+00  3.019344e+00  8.797411e-01  9.867221e+00  2.754087e+00  3.203874e-01  2.888708e-01      22.0     5.315000       4.695700
169  eq2j  eq2b   400.0   600.000000     400      600  1.517455e+01  3.831736e+00  3.803856e+00  1.035267e+00  1.101008e+01  2.714457e+00  3.606126e-01  3.250732e-01      18.0     4.816900       4.194000
170  eq2j  eq2b   400.0   600.000000     600      900  2.838150e-08  6.604096e-09  6.823199e-09  1.719985e-09  2.087730e-08  4.483292e-09  6.810000e-10  6.101146e-10       0.0     1.290400       0.000000
171  eq2j  eq2b   400.0   600.000000     900      Inf  2.838150e-08  6.604096e-09  6.823199e-09  1.719985e-09  2.087730e-08  4.483292e-09  6.810000e-10  6.101146e-10       0.0     1.290400       0.000000
308  eq2j  eq2b   600.0          inf     200      400  1.807642e+00  5.543865e-01  5.949301e-01  1.681153e-01  1.187170e+00  3.953139e-01  2.554189e-02  3.131315e-02       1.0     1.750500       0.632100
309  eq2j  eq2b   600.0          inf     400      600  1.899083e+00  5.056007e-01  4.770323e-01  1.457074e-01  1.391139e+00  3.184289e-01  3.091078e-02  3.837917e-02       2.0     2.250400       1.264200
310  eq2j  eq2b   600.0          inf     600      900  2.348776e+00  9.964141e-01  5.529376e-01  2.170403e-01  1.755091e+00  6.688824e-01  4.074733e-02  4.902537e-02       2.0     2.250400       1.264200
311  eq2j  eq2b   600.0          inf     900      Inf  6.055500e-09  1.703913e-09  1.624900e-09  4.409055e-10  4.333400e-09  1.054572e-09  9.720000e-11  1.186490e-10       0.0     1.290400       0.000000
68   eq3j  eq0b   200.0   400.000000     200      400  1.050431e+04  1.752855e+03  4.904995e+03  8.163610e+02  5.452844e+03  8.079578e+02  1.464714e+02  1.108921e+02   11815.0   108.696826     108.696826
69   eq3j  eq0b   200.0   400.000000     400      600  1.050431e-05  1.754169e-06  4.904995e-06  8.163611e-07  5.452844e-06  8.079579e-07  1.464714e-07  1.149349e-07       0.0     1.290400       0.000000
70   eq3j  eq0b   200.0   400.000000     600      900  1.050431e-05  1.754169e-06  4.904995e-06  8.163611e-07  5.452844e-06  8.079579e-07  1.464714e-07  1.149349e-07       0.0     1.290400       0.000000
71   eq3j  eq0b   200.0   400.000000     900      Inf  1.050431e-05  1.754169e-06  4.904995e-06  8.163611e-07  5.452844e-06  8.079579e-07  1.464714e-07  1.149349e-07       0.0     1.290400       0.000000
120  eq3j  eq0b   400.0   600.000000     200      400  6.666887e+03  1.150133e+03  2.859054e+03  5.350337e+02  3.782476e+03  6.191867e+02  2.535759e+01  2.378137e+01    7120.0    84.380092      84.380092
121  eq3j  eq0b   400.0   600.000000     400      600  1.391039e+03  2.890044e+02  4.465725e+02  1.127447e+02  9.391752e+02  2.011612e+02  5.291308e+00  4.794534e+00    1463.0    38.249183      38.249183
122  eq3j  eq0b   400.0   600.000000     600      900  8.057927e-06  1.304170e-06  3.305627e-06  6.043784e-07  4.721651e-06  6.872026e-07  3.064890e-08  2.837091e-08       0.0     1.290400       0.000000
123  eq3j  eq0b   400.0   600.000000     900      Inf  8.057927e-06  1.304170e-06  3.305627e-06  6.043784e-07  4.721651e-06  6.872026e-07  3.064890e-08  2.837091e-08       0.0     1.290400       0.000000
228  eq3j  eq0b   600.0   900.000000     200      400  6.985263e+02  1.318479e+02  2.760282e+02  5.592577e+01  4.224981e+02  9.232605e+01  1.202308e-05  1.109461e-05     668.0    25.845696      25.845696
229  eq3j  eq0b   600.0   900.000000     400      600  5.819639e+02  1.161613e+02  1.726044e+02  4.165363e+01  4.093595e+02  7.503034e+01  1.001787e-05  9.120132e-06     593.0    24.351591      24.351591
230  eq3j  eq0b   600.0   900.000000     600      900  2.314124e+02  8.797164e+01  5.518638e+01  2.241468e+01  1.762260e+02  5.910276e+01  3.983050e-06  3.478563e-06     246.0    15.684387      15.684387
231  eq3j  eq0b   600.0   900.000000     900      Inf  1.511902e-06  2.586045e-07  5.038189e-07  1.034601e-07  1.008084e-06  1.535552e-07  2.602400e-14  2.356609e-14       0.0     1.290400       0.000000
324  eq3j  eq0b   900.0  1200.000000     200      400  2.752925e+02  5.062938e+01  1.030168e+02  2.090584e+01  1.722756e+02  3.770444e+01  4.883708e-07  4.244623e-07     245.0    15.652476      15.652476
325  eq3j  eq0b   900.0  1200.000000     400      600  1.823434e+02  3.179179e+01  5.052431e+01  1.200053e+01  1.318191e+02  2.063965e+01  3.234842e-07  2.758504e-07     164.0    12.806248      12.806248
326  eq3j  eq0b   900.0  1200.000000     600      900  1.098398e+02  4.289267e+01  2.334393e+01  1.020824e+01  8.649587e+01  3.084388e+01  1.359430e-07  1.285578e-07     101.0    10.049876      10.049876
327  eq3j  eq0b   900.0  1200.000000     900      Inf  2.820239e+01  1.661992e+01  5.558828e+00  3.267193e+00  2.264356e+01  1.242764e+01  2.000105e-12  1.708206e-12      19.0     4.824700       4.180600
4    eq3j  eq0b  1200.0          inf     200      400  2.251419e+01  6.421064e+00  7.064362e+00  1.886724e+00  1.512270e+01  5.463275e+00  3.271275e-01  3.403173e-01      21.0     5.307900       4.708000
5    eq3j  eq0b  1200.0          inf     400      600  5.417539e+01  1.257869e+01  1.590408e+01  4.819092e+00  3.748388e+01  8.479227e+00  7.874327e-01  8.172776e-01      28.0     5.822300       5.183100
6    eq3j  eq0b  1200.0          inf     600      900  3.612588e+01  1.438698e+01  8.678499e+00  3.819837e+00  2.692241e+01  1.088871e+01  5.249678e-01  5.455745e-01      31.0     5.567764       5.567764
7    eq3j  eq0b  1200.0          inf     900      Inf  2.196453e+01  1.645166e+01  3.285861e+00  2.844477e+00  1.835950e+01  1.383595e+01  3.191721e-01  3.316804e-01      17.0     4.808400       4.209500
84   eq3j  eq1b   200.0   400.000000     200      400  2.242583e+03  3.718362e+02  1.576938e+03  2.476603e+02  6.343306e+02  9.647612e+01  3.131460e+01  2.333686e+01    2703.0    51.990384      51.990384
85   eq3j  eq1b   200.0   400.000000     400      600  2.242583e-06  3.718652e-07  1.576938e-06  2.476603e-07  6.343306e-07  9.647611e-08  3.131460e-08  2.331755e-08       0.0     1.290400       0.000000
86   eq3j  eq1b   200.0   400.000000     600      900  2.242583e-06  3.718652e-07  1.576938e-06  2.476603e-07  6.343306e-07  9.647611e-08  3.131460e-08  2.331755e-08       0.0     1.290400       0.000000
87   eq3j  eq1b   200.0   400.000000     900      Inf  2.242583e-06  3.718652e-07  1.576938e-06  2.476603e-07  6.343306e-07  9.647611e-08  3.131460e-08  2.331755e-08       0.0     1.290400       0.000000
148  eq3j  eq1b   400.0   600.000000     200      400  1.125797e+03  1.974041e+02  6.495619e+02  1.177635e+02  4.719470e+02  8.035511e+01  4.288563e+00  4.074903e+00    1212.0    34.813790      34.813790
149  eq3j  eq1b   400.0   600.000000     400      600  2.223568e+02  4.239141e+01  1.028812e+02  2.089051e+01  1.186292e+02  2.508227e+01  8.463370e-01  7.535610e-01     301.0    17.349352      17.349352
150  eq3j  eq1b   400.0   600.000000     600      900  1.348154e-06  2.272332e-07  7.524431e-07  1.344890e-07  5.905762e-07  8.928940e-08  5.134900e-09  4.791284e-09       0.0     1.290400       0.000000
151  eq3j  eq1b   400.0   600.000000     900      Inf  1.348154e-06  2.272332e-07  7.524431e-07  1.344890e-07  5.905762e-07  8.928940e-08  5.134900e-09  4.791284e-09       0.0     1.290400       0.000000
252  eq3j  eq1b   600.0   900.000000     200      400  9.462550e+01  1.831956e+01  3.835459e+01  8.135318e+00  5.627091e+01  1.252050e+01  1.629169e-06  1.504529e-06     110.0    10.488088      10.488088
253  eq3j  eq1b   600.0   900.000000     400      600  7.794981e+01  1.537977e+01  2.561972e+01  5.538130e+00  5.233009e+01  9.817806e+00  1.340225e-06  1.213128e-06      96.0     9.797959       9.797959
254  eq3j  eq1b   600.0   900.000000     600      900  3.274229e+01  1.196642e+01  7.851585e+00  2.641665e+00  2.489070e+01  8.457792e+00  5.638069e-07  4.927802e-07      42.0     6.480741       6.480741
255  eq3j  eq1b   600.0   900.000000     900      Inf  2.053176e-07  3.586723e-08  7.182590e-08  1.433939e-08  1.334917e-07  2.128426e-08  3.533200e-15  3.185634e-15       0.0     1.290400       0.000000
344  eq3j  eq1b   900.0  1200.000000     200      400  4.118576e+01  7.739710e+00  1.848441e+01  3.813458e+00  2.270136e+01  5.282373e+00  2.000000e-12  1.704327e-12      39.0     6.244998       6.244998
345  eq3j  eq1b   900.0  1200.000000     400      600  2.388357e+01  4.323937e+00  7.952184e+00  1.788853e+00  1.593139e+01  2.653509e+00  2.000000e-12  1.703545e-12      24.0     5.327800       4.675100
346  eq3j  eq1b   900.0  1200.000000     600      900  1.544271e+01  5.954125e+00  3.099873e+00  1.229528e+00  1.234283e+01  4.486572e+00  2.000000e-12  1.705528e-12      10.0     3.806000       3.223600
347  eq3j  eq1b   900.0  1200.000000     900      Inf  4.358659e+00  2.345022e+00  3.545363e-01  2.229954e-01  4.004123e+00  2.045976e+00  2.000000e-12  1.705133e-12       6.0     3.278300       2.176900
24   eq3j  eq1b  1200.0          inf     200      400  3.353423e+00  9.424781e-01  1.255032e+00  3.254172e-01  2.049594e+00  7.738406e-01  4.879696e-02  5.067458e-02       3.0     2.301200       1.896400
25   eq3j  eq1b  1200.0          inf     400      600  7.548990e+00  1.784593e+00  2.486441e+00  7.373491e-01  4.953219e+00  1.156383e+00  1.093300e-01  1.135417e-01       5.0     2.806400       2.249500
26   eq3j  eq1b  1200.0          inf     600      900  5.139854e+00  2.057663e+00  1.195483e+00  5.632674e-01  3.869705e+00  1.538142e+00  7.466661e-02  7.759828e-02       7.0     3.300600       2.749600
27   eq3j  eq1b  1200.0          inf     900      Inf  3.461733e+00  2.575481e+00  5.177442e-01  4.313478e-01  2.893682e+00  2.178459e+00  5.030646e-02  5.226636e-02       4.0     2.776400       1.664100
96   eq3j  eq2b   200.0   400.000000     200      400  4.181694e+02  7.257940e+01  3.323613e+02  5.436163e+01  7.999350e+01  1.197909e+01  5.814600e+00  4.371673e+00     495.0    22.248595      22.248595
97   eq3j  eq2b   200.0   400.000000     400      600  4.181694e-07  7.257668e-08  3.323613e-07  5.436163e-08  7.999350e-08  1.197909e-08  5.814600e-09  4.375686e-09       0.0     1.290400       0.000000
98   eq3j  eq2b   200.0   400.000000     600      900  4.181694e-07  7.257668e-08  3.323613e-07  5.436163e-08  7.999350e-08  1.197909e-08  5.814600e-09  4.375686e-09       0.0     1.290400       0.000000
99   eq3j  eq2b   200.0   400.000000     900      Inf  4.181694e-07  7.257668e-08  3.323613e-07  5.436163e-08  7.999350e-08  1.197909e-08  5.814600e-09  4.375686e-09       0.0     1.290400       0.000000
172  eq3j  eq2b   400.0   600.000000     200      400  2.083143e+02  3.792668e+01  1.544382e+02  2.882224e+01  5.308541e+01  9.137613e+00  7.906931e-01  7.605015e-01     229.0    15.132746      15.132746
173  eq3j  eq2b   400.0   600.000000     400      600  2.696504e+01  5.091569e+00  1.320614e+01  2.732518e+00  1.365660e+01  2.885922e+00  1.023069e-01  9.131414e-02      34.0     5.830952       5.830952
174  eq3j  eq2b   400.0   600.000000     600      900  2.352793e-07  4.176877e-08  1.676443e-07  3.083304e-08  6.674200e-08  1.015898e-08  8.930000e-10  8.445409e-10       0.0     1.290400       0.000000
175  eq3j  eq2b   400.0   600.000000     900      Inf  2.352793e-07  4.176877e-08  1.676443e-07  3.083304e-08  6.674200e-08  1.015898e-08  8.930000e-10  8.445409e-10       0.0     1.290400       0.000000
272  eq3j  eq2b   600.0   900.000000     200      400  9.114791e+00  1.800783e+00  3.854785e+00  8.247578e-01  5.260005e+00  1.215420e+00  1.354242e-07  1.338234e-07      10.0     3.806000       3.223600
273  eq3j  eq2b   600.0   900.000000     400      600  9.321969e+00  1.765312e+00  4.216715e+00  8.391500e-01  5.105254e+00  9.831699e-01  1.343768e-07  1.329377e-07       9.0     3.790500       2.665800
274  eq3j  eq2b   600.0   900.000000     600      900  3.246341e+00  1.208194e+00  8.243994e-01  2.730182e-01  2.421941e+00  8.589613e-01  1.999922e-12  1.749183e-12       2.0     2.250400       1.264200
275  eq3j  eq2b   600.0   900.000000     900      Inf  2.168310e-08  3.858214e-09  8.895900e-09  1.735079e-09  1.278720e-08  2.128957e-09  2.698030e-16  2.666247e-16       0.0     1.290400       0.000000
360  eq3j  eq2b   900.0  1200.000000     200      400  3.506240e+00  6.716193e-01  1.653467e+00  3.479433e-01  1.852772e+00  4.394644e-01  2.000000e-12  1.704887e-12       4.0     2.776400       1.664100
361  eq3j  eq2b   900.0  1200.000000     400      600  1.813660e+00  3.373213e-01  5.983444e-01  1.347856e-01  1.215315e+00  2.147232e-01  2.000000e-12  1.704992e-12       2.0     2.250400       1.264200
362  eq3j  eq2b   900.0  1200.000000     600      900  1.262023e+00  4.861690e-01  2.705944e-01  1.010226e-01  9.914284e-01  3.731115e-01  2.000000e-12  1.704671e-12       2.0     2.250400       1.264200
363  eq3j  eq2b   900.0  1200.000000     900      Inf  3.762781e-01  2.275561e-01  2.189421e-02  1.514721e-02  3.543839e-01  1.998264e-01  2.000000e-12  1.703946e-12       0.0     1.290400       0.000000
40   eq3j  eq2b  1200.0          inf     200      400  2.684395e-01  7.749728e-02  9.029721e-02  2.461478e-02  1.742670e-01  6.497846e-02  3.875309e-03  4.026631e-03       1.0     1.750500       0.632100
41   eq3j  eq2b  1200.0          inf     400      600  6.553083e-01  1.555323e-01  1.974718e-01  5.822255e-02  4.481380e-01  1.073160e-01  9.698530e-03  1.007324e-02       0.0     1.290400       0.000000
42   eq3j  eq2b  1200.0          inf     600      900  4.420404e-01  1.791336e-01  8.458721e-02  3.979890e-02  3.510043e-01  1.421303e-01  6.448913e-03  6.699394e-03       0.0     1.290400       0.000000
43   eq3j  eq2b  1200.0          inf     900      Inf  3.006118e-01  2.303587e-01  4.594382e-02  3.752802e-02  2.502907e-01  1.958935e-01  4.377248e-03  4.547226e-03       0.0     1.290400       0.000000
104  eq3j  eq3b   200.0   400.000000     200      400  1.210940e+01  2.324934e+00  1.027710e+01  1.892884e+00  1.663500e+00  2.695613e-01  1.688000e-01  1.355606e-01      16.0     4.799100       3.666200
105  eq3j  eq3b   200.0   400.000000     400      600  1.210940e-08  2.324926e-09  1.027710e-08  1.892884e-09  1.663500e-09  2.695613e-10  1.688000e-10  1.355791e-10       0.0     1.290400       0.000000
106  eq3j  eq3b   200.0   400.000000     600      900  1.210940e-08  2.324926e-09  1.027710e-08  1.892884e-09  1.663500e-09  2.695613e-10  1.688000e-10  1.355791e-10       0.0     1.290400       0.000000
107  eq3j  eq3b   200.0   400.000000     900      Inf  1.210940e-08  2.324926e-09  1.027710e-08  1.892884e-09  1.663500e-09  2.695613e-10  1.688000e-10  1.355791e-10       0.0     1.290400       0.000000
192  eq3j  eq3b   400.0   600.000000     200      400  7.945548e+00  1.563936e+00  6.480740e+00  1.298105e+00  1.435418e+00  2.640237e-01  2.938994e-02  2.834897e-02      10.0     3.806000       3.223600
193  eq3j  eq3b   400.0   600.000000     400      600  7.613520e-01  1.492047e-01  3.632601e-01  8.409472e-02  3.951818e-01  9.013994e-02  2.910056e-03  2.598345e-03       2.0     2.250400       1.264200
194  eq3j  eq3b   400.0   600.000000     600      900  8.706900e-09  1.678026e-09  6.844000e-09  1.349149e-09  1.830600e-09  2.971276e-10  3.230000e-11  3.068513e-11       0.0     1.290400       0.000000
195  eq3j  eq3b   400.0   600.000000     900      Inf  8.706900e-09  1.678026e-09  6.844000e-09  1.349149e-09  1.830600e-09  2.971276e-10  3.230000e-11  3.068513e-11       0.0     1.290400       0.000000
312  eq3j  eq3b   600.0          inf     200      400  3.633572e-01  7.158647e-02  1.529800e-01  3.212352e-02  2.103772e-01  4.801962e-02  3.000000e-12  2.602487e-12       3.0     2.301200       1.896400
313  eq3j  eq3b   600.0          inf     400      600  3.330264e-01  6.198339e-02  1.556079e-01  3.392039e-02  1.774185e-01  3.199956e-02  3.000000e-12  2.601888e-12       3.0     2.301200       1.896400
314  eq3j  eq3b   600.0          inf     600      900  1.619164e-01  6.481296e-02  3.291207e-02  1.204637e-02  1.290043e-01  4.869816e-02  3.000000e-12  2.601323e-12       0.0     1.290400       0.000000
315  eq3j  eq3b   600.0          inf     900      Inf  8.583000e-10  1.574580e-10  3.415000e-10  6.847178e-11  5.168000e-10  8.872865e-11  9.000000e-21  0.000000e+00       0.0     1.290400       0.000000
124  eq4j  eq0b   400.0   600.000000     200      400  4.749118e+03  5.618776e+02  2.276227e+03  3.370888e+02  2.463681e+03  2.609571e+02  9.210422e+00  9.374911e+00    4324.0    65.757129      65.757129
125  eq4j  eq0b   400.0   600.000000     400      600  4.604401e+02  8.078139e+01  1.578023e+02  3.211350e+01  3.017441e+02  6.284695e+01  8.935783e-01  8.203671e-01     437.0    20.904545      20.904545
126  eq4j  eq0b   400.0   600.000000     600      900  5.209558e-06  5.833480e-07  2.434029e-06  3.543566e-07  2.765425e-06  2.665814e-07  1.010400e-08  1.007112e-08       0.0     1.290400       0.000000
127  eq4j  eq0b   400.0   600.000000     900      Inf  5.209558e-06  5.833480e-07  2.434029e-06  3.543566e-07  2.765425e-06  2.665814e-07  1.010400e-08  1.007112e-08       0.0     1.290400       0.000000
232  eq4j  eq0b   600.0   900.000000     200      400  9.369626e+02  1.157941e+02  4.009920e+02  6.346162e+01  5.328358e+02  7.490198e+01  3.134951e+00  2.390688e+00     751.0    27.404379      27.404379
233  eq4j  eq0b   600.0   900.000000     400      600  5.216833e+02  7.492099e+01  1.581593e+02  3.187507e+01  3.617792e+02  5.213020e+01  1.744901e+00  1.285426e+00     484.0    22.000000      22.000000
234  eq4j  eq0b   600.0   900.000000     600      900  1.036669e+02  3.565913e+01  2.541441e+01  9.414782e+00  7.790584e+01  2.517333e+01  3.466471e-01  2.482011e-01     110.0    10.488088      10.488088
235  eq4j  eq0b   600.0   900.000000     900      Inf  1.562313e-06  1.391303e-07  5.845656e-07  8.971938e-08  9.725208e-07  6.887473e-08  5.226500e-09  3.886916e-09       0.0     1.290400       0.000000
328  eq4j  eq0b   900.0  1200.000000     200      400  2.511682e+02  3.417560e+01  1.035092e+02  1.902532e+01  1.476590e+02  2.482331e+01  8.187085e-07  7.521792e-07     186.0    13.638182      13.638182
329  eq4j  eq0b   900.0  1200.000000     400      600  1.429497e+02  2.024970e+01  4.653913e+01  9.582374e+00  9.641060e+01  1.316575e+01  4.658884e-07  4.201769e-07     111.0    10.535654      10.535654
330  eq4j  eq0b   900.0  1200.000000     600      900  7.171721e+01  2.704396e+01  1.415237e+01  5.704957e+00  5.756483e+01  2.025571e+01  1.546011e-07  1.593083e-07      66.0     8.124038       8.124038
331  eq4j  eq0b   900.0  1200.000000     900      Inf  1.059859e+01  6.304169e+00  2.030973e+00  1.170837e+00  8.567613e+00  4.812894e+00  1.999818e-12  1.726610e-12      13.0     4.304300       3.721700
8    eq4j  eq0b  1200.0          inf     200      400  2.384071e+01  6.268148e+00  9.262654e+00  2.263718e+00  1.457806e+01  5.055608e+00  1.245972e-07  1.362620e-07      13.0     4.304300       3.721700
9    eq4j  eq0b  1200.0          inf     400      600  4.297420e+01  8.678976e+00  1.229434e+01  3.437352e+00  3.067986e+01  5.821715e+00  2.242762e-07  2.461544e-07      32.0     5.656854       5.656854
10   eq4j  eq0b  1200.0          inf     600      900  2.678363e+01  1.013071e+01  5.335161e+00  2.637218e+00  2.144847e+01  7.748716e+00  1.399256e-07  1.536132e-07      28.0     5.822300       5.183100
11   eq4j  eq0b  1200.0          inf     900      Inf  1.393126e+01  9.634487e+00  2.310047e+00  1.789440e+00  1.162121e+01  8.040445e+00  9.999810e-13  1.096193e-12      15.0     4.324900       3.681300
152  eq4j  eq1b   400.0   600.000000     200      400  1.444404e+03  1.694862e+02  1.050754e+03  1.403526e+02  3.908305e+02  4.120927e+01  2.819519e+00  2.939860e+00    1497.0    38.691084      38.691084
153  eq4j  eq1b   400.0   600.000000     400      600  1.098438e+02  1.629046e+01  6.051738e+01  9.761275e+00  4.911267e+01  1.059769e+01  2.137809e-01  1.979625e-01     109.0    10.440307      10.440307
154  eq4j  eq1b   400.0   600.000000     600      900  1.554248e-06  1.779617e-07  1.111271e-06  1.466194e-07  4.399432e-07  4.275418e-08  3.033300e-09  3.115497e-09       0.0     1.290400       0.000000
155  eq4j  eq1b   400.0   600.000000     900      Inf  1.554248e-06  1.779617e-07  1.111271e-06  1.466194e-07  4.399432e-07  4.275418e-08  3.033300e-09  3.115497e-09       0.0     1.290400       0.000000
256  eq4j  eq1b   600.0   900.000000     200      400  1.965949e+02  2.244370e+01  1.040905e+02  1.484814e+01  9.184756e+01  1.228863e+01  6.569394e-01  5.030908e-01     184.0    13.564660      13.564660
257  eq4j  eq1b   600.0   900.000000     400      600  1.008995e+02  1.373086e+01  4.326164e+01  7.108894e+00  5.729963e+01  9.024654e+00  3.382117e-01  2.490476e-01     106.0    10.295630      10.295630
258  eq4j  eq1b   600.0   900.000000     600      900  1.721167e+01  5.688431e+00  4.832808e+00  1.422286e+00  1.232101e+01  4.123899e+00  5.784885e-02  4.147470e-02      19.0     4.824700       4.180600
259  eq4j  eq1b   600.0   900.000000     900      Inf  3.147061e-07  2.883601e-08  1.521849e-07  2.098964e-08  1.614682e-07  1.215599e-08  1.053000e-09  7.885877e-10       0.0     1.290400       0.000000
348  eq4j  eq1b   900.0  1200.000000     200      400  5.380791e+01  6.877595e+00  2.514043e+01  4.309312e+00  2.866749e+01  4.592701e+00  1.348980e-07  1.390052e-07      60.0     7.745967       7.745967
349  eq4j  eq1b   900.0  1200.000000     400      600  2.769442e+01  4.127140e+00  1.001075e+01  1.849477e+00  1.768367e+01  2.941031e+00  2.000247e-12  1.727473e-12      19.0     4.824700       4.180600
350  eq4j  eq1b   900.0  1200.000000     600      900  1.228370e+01  4.593364e+00  2.921753e+00  9.732257e-01  9.361948e+00  3.437119e+00  2.000247e-12  1.727473e-12      11.0     3.819400       3.193600
351  eq4j  eq1b   900.0  1200.000000     900      Inf  1.836064e+00  1.128682e+00  2.567722e-01  1.412478e-01  1.579292e+00  9.318974e-01  2.000247e-12  1.727473e-12       1.0     1.750500       0.632100
28   eq4j  eq1b  1200.0          inf     200      400  5.185707e+00  1.303447e+00  1.951967e+00  4.722093e-01  3.233739e+00  1.068459e+00  1.000000e-12  1.097767e-12       7.0     3.300600       2.749600
29   eq4j  eq1b  1200.0          inf     400      600  1.063951e+01  2.173082e+00  4.304115e+00  1.146844e+00  6.335390e+00  1.181935e+00  1.000000e-12  1.096174e-12      11.0     3.819400       3.193600
30   eq4j  eq1b  1200.0          inf     600      900  4.800444e+00  1.779409e+00  1.213287e+00  5.349364e-01  3.587157e+00  1.298614e+00  1.000000e-12  1.095952e-12       7.0     3.300600       2.749600
31   eq4j  eq1b  1200.0          inf     900      Inf  2.883545e+00  1.949910e+00  4.177309e-01  3.008293e-01  2.465814e+00  1.685973e+00  1.000000e-12  1.096602e-12       4.0     2.776400       1.664100
176  eq4j  eq2b   400.0   600.000000     200      400  4.900490e+02  6.308240e+01  4.267447e+02  5.784555e+01  6.235642e+01  6.571523e+00  9.478493e-01  1.009232e+00     524.0    22.891046      22.891046
177  eq4j  eq2b   400.0   600.000000     400      600  2.398033e+01  3.576775e+00  1.581210e+01  2.668281e+00  8.121877e+00  1.722040e+00  4.635064e-02  4.297811e-02      29.0     5.827500       5.175300
178  eq4j  eq2b   400.0   600.000000     600      900  5.140293e-07  6.534013e-08  4.425568e-07  5.947239e-08  7.047830e-08  6.838691e-09  9.942000e-10  1.054010e-09       0.0     1.290400       0.000000
179  eq4j  eq2b   400.0   600.000000     900      Inf  5.140293e-07  6.534013e-08  4.425568e-07  5.947239e-08  7.047830e-08  6.838691e-09  9.942000e-10  1.054010e-09       0.0     1.290400       0.000000
276  eq4j  eq2b   600.0   900.000000     200      400  3.923870e+01  4.475503e+00  2.539062e+01  3.570642e+00  1.371650e+01  1.817766e+00  1.315793e-01  1.015941e-01      50.0     7.071068       7.071068
277  eq4j  eq2b   600.0   900.000000     400      600  1.989569e+01  2.469462e+00  1.179175e+01  1.802137e+00  8.037626e+00  1.317892e+00  6.630875e-02  4.941529e-02      19.0     4.824700       4.180600
278  eq4j  eq2b   600.0   900.000000     600      900  2.411515e+00  7.728595e-01  7.327253e-01  1.969882e-01  1.670777e+00  5.717634e-01  8.011928e-03  5.773049e-03       1.0     1.750500       0.632100
279  eq4j  eq2b   600.0   900.000000     900      Inf  6.154590e-08  6.112806e-09  3.791510e-08  5.063640e-09  2.342490e-08  1.792295e-09  2.059000e-10  1.562408e-10       0.0     1.290400       0.000000
364  eq4j  eq2b   900.0  1200.000000     200      400  8.714804e+00  1.142015e+00  4.744413e+00  8.293073e-01  3.970391e+00  6.432009e-01  2.000000e-12  1.727034e-12      10.0     3.806000       3.223600
365  eq4j  eq2b   900.0  1200.000000     400      600  4.142706e+00  6.464432e-01  1.794066e+00  3.362716e-01  2.348641e+00  4.612076e-01  2.000000e-12  1.728070e-12       7.0     3.300600       2.749600
366  eq4j  eq2b   900.0  1200.000000     600      900  1.705944e+00  6.119655e-01  5.371462e-01  1.645174e-01  1.168798e+00  4.407634e-01  2.000000e-12  1.727248e-12       0.0     1.290400       0.000000
367  eq4j  eq2b   900.0  1200.000000     900      Inf  2.908461e-01  1.777485e-01  4.847509e-02  2.794580e-02  2.423710e-01  1.473061e-01  2.000000e-12  1.726721e-12       1.0     1.750500       0.632100
44   eq4j  eq2b  1200.0          inf     200      400  7.253404e-01  1.802159e-01  2.923728e-01  7.183937e-02  4.329676e-01  1.457939e-01  1.000000e-12  1.097448e-12       1.0     1.750500       0.632100
45   eq4j  eq2b  1200.0          inf     400      600  1.549643e+00  3.282850e-01  7.646683e-01  1.982649e-01  7.849742e-01  1.507771e-01  1.000000e-12  1.096436e-12       0.0     1.290400       0.000000
46   eq4j  eq2b  1200.0          inf     600      900  5.190745e-01  1.862308e-01  1.334579e-01  5.294270e-02  3.856166e-01  1.398702e-01  1.000000e-12  1.095947e-12       0.0     1.290400       0.000000
47   eq4j  eq2b  1200.0          inf     900      Inf  3.826426e-01  2.577861e-01  5.200102e-02  3.436503e-02  3.306416e-01  2.281536e-01  1.000000e-12  1.096646e-12       1.0     1.750500       0.632100
196  eq4j  eq3b   400.0   600.000000     200      400  3.683307e+01  5.238460e+00  3.334079e+01  4.839784e+00  3.423486e+00  3.911188e-01  6.878189e-02  7.377149e-02      35.0     5.916080       5.916080
197  eq4j  eq3b   400.0   600.000000     400      600  1.575741e+00  2.475882e-01  1.080108e+00  1.937021e-01  4.926144e-01  1.114880e-01  3.018106e-03  2.807017e-03       1.0     1.750500       0.632100
198  eq4j  eq3b   400.0   600.000000     600      900  3.840880e-08  5.406983e-09  3.442090e-08  4.954604e-09  3.916100e-09  4.080650e-10  7.180000e-11  7.592038e-11       0.0     1.290400       0.000000
199  eq4j  eq3b   400.0   600.000000     900      Inf  3.840880e-08  5.406983e-09  3.442090e-08  4.954604e-09  3.916100e-09  4.080650e-10  7.180000e-11  7.592038e-11       0.0     1.290400       0.000000
292  eq4j  eq3b   600.0   900.000000     200      400  2.454832e+00  2.903123e-01  1.666083e+00  2.424808e-01  7.805098e-01  1.074377e-01  8.239154e-03  6.371863e-03       6.0     3.278300       2.176900
293  eq4j  eq3b   600.0   900.000000     400      600  1.155272e+00  1.634907e-01  6.643901e-01  1.066090e-01  4.870856e-01  8.812018e-02  3.796883e-03  2.841965e-03       0.0     1.290400       0.000000
294  eq4j  eq3b   600.0   900.000000     600      900  1.536953e-01  4.515797e-02  5.122669e-02  1.325057e-02  1.020046e-01  3.530395e-02  4.639631e-04  3.375340e-04       0.0     1.290400       0.000000
295  eq4j  eq3b   600.0   900.000000     900      Inf  3.763800e-09  4.054903e-10  2.381700e-09  3.302629e-10  1.369600e-09  1.204397e-10  1.250000e-11  9.492734e-12       0.0     1.290400       0.000000
396  eq4j  eq3b   900.0          inf     200      400  6.557567e-01  9.124356e-02  3.904617e-01  6.762282e-02  2.652950e-01  5.412079e-02  1.000000e-12  8.732503e-13       0.0     1.290400       0.000000
397  eq4j  eq3b   900.0          inf     400      600  3.743042e-01  6.221998e-02  1.893512e-01  3.906595e-02  1.849530e-01  3.387360e-02  1.000000e-12  8.732503e-13       0.0     1.290400       0.000000
398  eq4j  eq3b   900.0          inf     600      900  1.387890e-01  4.951250e-02  3.573386e-02  1.106329e-02  1.030551e-01  4.167448e-02  1.000000e-12  8.732503e-13       0.0     1.290400       0.000000
399  eq4j  eq3b   900.0          inf     900      Inf  3.055019e-02  1.988781e-02  3.353278e-03  2.114035e-03  2.719692e-02  1.828304e-02  1.000000e-12  8.732503e-13       0.0     1.290400       0.000000
128  eq5j  eq0b   400.0   600.000000     200      400  1.249957e+03  1.726768e+02  6.698475e+02  1.076245e+02  5.801090e+02  7.015501e+01  7.869662e-05  7.202349e-05    1132.0    33.645208      33.645208
129  eq5j  eq0b   400.0   600.000000     400      600  7.397168e+01  1.577887e+01  2.501957e+01  5.579285e+00  4.895211e+01  1.280929e+01  4.653381e-06  4.834281e-06      59.0     7.681146       7.681146
130  eq5j  eq0b   400.0   600.000000     600      900  1.323928e-06  1.775940e-07  6.948671e-07  1.105861e-07  6.290611e-07  7.103393e-08  8.335000e-14  7.704541e-14       0.0     1.290400       0.000000
131  eq5j  eq0b   400.0   600.000000     900      Inf  1.323928e-06  1.775940e-07  6.948671e-07  1.105861e-07  6.290611e-07  7.103393e-08  8.335000e-14  7.704541e-14       0.0     1.290400       0.000000
236  eq5j  eq0b   600.0   900.000000     200      400  5.614332e+02  7.124908e+01  2.577139e+02  4.214655e+01  3.037192e+02  4.254099e+01  9.110345e-06  7.330894e-06     435.0    20.856654      20.856654
237  eq5j  eq0b   600.0   900.000000     400      600  1.975245e+02  3.536340e+01  6.694228e+01  1.414883e+01  1.305822e+02  2.457467e+01  3.205123e-06  2.664647e-06     201.0    14.177447      14.177447
238  eq5j  eq0b   600.0   900.000000     600      900  2.589757e+01  9.633043e+00  6.051306e+00  2.463999e+00  1.984626e+01  7.155167e+00  4.205323e-07  4.010794e-07      17.0     4.808400       4.209500
239  eq5j  eq0b   600.0   900.000000     900      Inf  7.848552e-07  8.249305e-08  3.307075e-07  5.329145e-08  4.541477e-07  3.950340e-08  1.273600e-14  1.034737e-14       0.0     1.290400       0.000000
332  eq5j  eq0b   900.0  1200.000000     200      400  1.499379e+02  2.027619e+01  6.626446e+01  1.223142e+01  8.367340e+01  1.331443e+01  6.304394e-07  5.439200e-07     124.0    11.135529      11.135529
333  eq5j  eq0b   900.0  1200.000000     400      600  6.814304e+01  1.089832e+01  2.190615e+01  4.615408e+00  4.623688e+01  7.799639e+00  2.863586e-07  2.490579e-07      59.0     7.681146       7.681146
334  eq5j  eq0b   900.0  1200.000000     600      900  3.073310e+01  1.238911e+01  7.269781e+00  2.989994e+00  2.346332e+01  1.001473e+01  2.000051e-12  1.954207e-12      28.0     5.822300       5.183100
335  eq5j  eq0b   900.0  1200.000000     900      Inf  2.488140e-07  2.514367e-08  9.544040e-08  1.717883e-08  1.533736e-07  1.173252e-08  9.168000e-16  7.957082e-16       0.0     1.290400       0.000000
12   eq5j  eq0b  1200.0          inf     200      400  1.811141e+01  4.957405e+00  7.313862e+00  1.937307e+00  1.079755e+01  3.930255e+00  1.745497e-07  1.545698e-07       7.0     3.300600       2.749600
13   eq5j  eq0b  1200.0          inf     400      600  2.307651e+01  4.830960e+00  7.437326e+00  2.131451e+00  1.563918e+01  3.035264e+00  2.225438e-07  1.975583e-07      16.0     4.799100       3.666200
14   eq5j  eq0b  1200.0          inf     600      900  1.324627e+01  5.189035e+00  3.255804e+00  1.624021e+00  9.990467e+00  3.751273e+00  1.278055e-07  1.134327e-07       7.0     3.300600       2.749600
15   eq5j  eq0b  1200.0          inf     900      Inf  6.249508e+00  4.260302e+00  9.979076e-01  7.791867e-01  5.251601e+00  3.610278e+00  9.999934e-13  8.866074e-13       6.0     3.278300       2.176900
156  eq5j  eq1b   400.0   600.000000     200      400  6.086486e+02  9.132781e+01  4.944993e+02  7.665085e+01  1.141492e+02  1.469320e+01  3.831750e-05  3.472960e-05     591.0    24.310492      24.310492
157  eq5j  eq1b   400.0   600.000000     400      600  2.202283e+01  4.111066e+00  1.340076e+01  2.791693e+00  8.622071e+00  2.272678e+00  1.392504e-06  1.450202e-06      22.0     5.315000       4.695700
158  eq5j  eq1b   400.0   600.000000     600      900  6.306714e-07  9.406177e-08  5.079001e-07  7.860719e-08  1.227713e-07  1.492507e-08  3.971000e-14  3.613800e-14       0.0     1.290400       0.000000
159  eq5j  eq1b   400.0   600.000000     900      Inf  6.306714e-07  9.406177e-08  5.079001e-07  7.860719e-08  1.227713e-07  1.492507e-08  3.971000e-14  3.613800e-14       0.0     1.290400       0.000000
260  eq5j  eq1b   600.0   900.000000     200      400  1.940711e+02  2.602596e+01  1.318792e+02  2.110894e+01  6.219196e+01  9.049090e+00  3.161328e-06  2.549985e-06     198.0    14.071247      14.071247
261  eq5j  eq1b   600.0   900.000000     400      600  5.523711e+01  9.113444e+00  2.946463e+01  5.538468e+00  2.577248e+01  4.855847e+00  9.005702e-07  7.400446e-07      50.0     7.071068       7.071068
262  eq5j  eq1b   600.0   900.000000     600      900  5.915679e+00  1.932305e+00  1.813314e+00  5.113216e-01  4.102365e+00  1.470389e+00  2.000144e-12  1.724067e-12      11.0     3.819400       3.193600
263  eq5j  eq1b   600.0   900.000000     900      Inf  2.552239e-07  3.200816e-08  1.631571e-07  2.587095e-08  9.206680e-08  8.880506e-09  4.061900e-15  3.275017e-15       0.0     1.290400       0.000000
352  eq5j  eq1b   900.0  1200.000000     200      400  4.098482e+01  5.655291e+00  2.330872e+01  4.272274e+00  1.767610e+01  2.799203e+00  1.289990e-07  1.185245e-07      33.0     5.744563       5.744563
353  eq5j  eq1b   900.0  1200.000000     400      600  1.692586e+01  2.484243e+00  7.765076e+00  1.462352e+00  9.160779e+00  1.481020e+00  2.000106e-12  1.774782e-12      15.0     4.324900       3.681300
354  eq5j  eq1b   900.0  1200.000000     600      900  6.917927e+00  2.494537e+00  2.231703e+00  7.120891e-01  4.686224e+00  1.753944e+00  2.000106e-12  1.774759e-12       9.0     3.790500       2.665800
355  eq5j  eq1b   900.0  1200.000000     900      Inf  6.482860e-08  7.460501e-09  3.330550e-08  5.921637e-09  3.152310e-08  2.635756e-09  1.290030e-16  1.184987e-16       0.0     1.290400       0.000000
32   eq5j  eq1b  1200.0          inf     200      400  4.526434e+00  1.163108e+00  2.425056e+00  6.181047e-01  2.101378e+00  7.967598e-01  1.000000e-12  8.868916e-13       4.0     2.776400       1.664100
33   eq5j  eq1b  1200.0          inf     400      600  6.088765e+00  1.272566e+00  2.206431e+00  6.060518e-01  3.882334e+00  7.663876e-01  1.000000e-12  8.868916e-13       3.0     2.301200       1.896400
34   eq5j  eq1b  1200.0          inf     600      900  2.801180e+00  1.017495e+00  7.379230e-01  2.864385e-01  2.063257e+00  7.761811e-01  1.000000e-12  8.868916e-13       5.0     2.806400       2.249500
35   eq5j  eq1b  1200.0          inf     900      Inf  1.639721e+00  1.103327e+00  2.378901e-01  1.771678e-01  1.401831e+00  9.552381e-01  1.000000e-12  8.868916e-13       2.0     2.250400       1.264200
180  eq5j  eq2b   400.0   600.000000     200      400  2.739438e+02  4.446090e+01  2.523617e+02  3.976400e+01  2.158211e+01  2.774741e+00  1.723825e-05  1.558915e-05     284.0    16.852300      16.852300
181  eq5j  eq2b   400.0   600.000000     400      600  4.821023e+00  8.968400e-01  3.521436e+00  8.084369e-01  1.299587e+00  3.588937e-01  2.477548e-07  2.828183e-07      10.0     3.806000       3.223600
182  eq5j  eq2b   400.0   600.000000     600      900  2.787648e-07  4.511618e-08  2.558831e-07  4.026028e-08  2.288170e-08  2.830291e-09  1.748600e-14  1.588041e-14       0.0     1.290400       0.000000
183  eq5j  eq2b   400.0   600.000000     900      Inf  2.787648e-07  4.511618e-08  2.558831e-07  4.026028e-08  2.288170e-08  2.830291e-09  1.748600e-14  1.588041e-14       0.0     1.290400       0.000000
280  eq5j  eq2b   600.0   900.000000     200      400  6.747672e+01  1.006287e+01  5.630233e+01  9.121616e+00  1.117439e+01  1.709442e+00  1.093958e-06  8.838795e-07      63.0     7.937254       7.937254
281  eq5j  eq2b   600.0   900.000000     400      600  1.652036e+01  2.683223e+00  1.177314e+01  2.181756e+00  4.747221e+00  8.922533e-01  1.886405e-07  1.575065e-07      16.0     4.799100       3.666200
282  eq5j  eq2b   600.0   900.000000     600      900  1.337015e+00  4.260902e-01  4.582302e-01  1.377840e-01  8.787847e-01  3.158787e-01  2.000562e-12  1.723417e-12       0.0     1.290400       0.000000
283  eq5j  eq2b   600.0   900.000000     900      Inf  8.533409e-08  1.227301e-08  6.853370e-08  1.099619e-08  1.680040e-08  1.660400e-09  1.282600e-15  1.040049e-15       0.0     1.290400       0.000000
368  eq5j  eq2b   900.0  1200.000000     200      400  1.047441e+01  1.568887e+00  7.488935e+00  1.382221e+00  2.985474e+00  4.930812e-01  2.000000e-12  1.777614e-12       5.0     2.806400       2.249500
369  eq5j  eq2b   900.0  1200.000000     400      600  3.517432e+00  5.476584e-01  2.157729e+00  4.232862e-01  1.359703e+00  2.392546e-01  2.000000e-12  1.777945e-12       5.0     2.806400       2.249500
370  eq5j  eq2b   900.0  1200.000000     600      900  1.549759e+00  5.355636e-01  5.704360e-01  1.591259e-01  9.793233e-01  3.825998e-01  2.000000e-12  1.778152e-12       1.0     1.750500       0.632100
371  eq5j  eq2b   900.0  1200.000000     900      Inf  1.554160e-08  2.133798e-09  1.021710e-08  1.851923e-09  5.324500e-09  5.078388e-10  6.000000e-21  0.000000e+00       0.0     1.290400       0.000000
48   eq5j  eq2b  1200.0          inf     200      400  9.557384e-01  2.301127e-01  6.258690e-01  1.618433e-01  3.298694e-01  1.280623e-01  1.000000e-12  8.865208e-13       0.0     1.290400       0.000000
49   eq5j  eq2b  1200.0          inf     400      600  1.229689e+00  2.610362e-01  5.122812e-01  1.394057e-01  7.174077e-01  1.456558e-01  1.000000e-12  8.871551e-13       2.0     2.250400       1.264200
50   eq5j  eq2b  1200.0          inf     600      900  4.450435e-01  1.486918e-01  1.343604e-01  4.289011e-02  3.106831e-01  1.164484e-01  1.000000e-12  8.870782e-13       1.0     1.750500       0.632100
51   eq5j  eq2b  1200.0          inf     900      Inf  2.518291e-01  1.712198e-01  3.108930e-02  2.270308e-02  2.207398e-01  1.524453e-01  1.000000e-12  8.868313e-13       1.0     1.750500       0.632100
200  eq5j  eq3b   400.0   600.000000     200      400  2.797258e+01  4.870626e+00  2.626607e+01  4.336758e+00  1.706516e+00  2.580073e-01  1.767098e-06  1.595909e-06      25.0     5.804900       4.666400
201  eq5j  eq3b   400.0   600.000000     400      600  3.330186e-01  5.925164e-02  2.691343e-01  6.365727e-02  6.388428e-02  1.799030e-02  1.999966e-12  1.824152e-12       1.0     1.750500       0.632100
202  eq5j  eq3b   400.0   600.000000     600      900  2.830560e-08  4.908613e-09  2.653520e-08  4.368061e-09  1.770400e-09  2.608446e-10  1.767100e-15  1.596963e-15       0.0     1.290400       0.000000
203  eq5j  eq3b   400.0   600.000000     900      Inf  2.830560e-08  4.908613e-09  2.653520e-08  4.368061e-09  1.770400e-09  2.608446e-10  1.767100e-15  1.596963e-15       0.0     1.290400       0.000000
296  eq5j  eq3b   600.0   900.000000     200      400  7.475805e+00  1.167024e+00  6.646845e+00  1.101625e+00  8.289599e-01  1.462614e-01  1.031990e-07  8.599434e-08       7.0     3.300600       2.749600
297  eq5j  eq3b   600.0   900.000000     400      600  1.544911e+00  2.637006e-01  1.194391e+00  2.231895e-01  3.505204e-01  6.648575e-02  1.999922e-12  1.721687e-12       3.0     2.301200       1.896400
298  eq5j  eq3b   600.0   900.000000     600      900  1.065841e-01  3.532273e-02  2.776439e-02  1.074824e-02  7.881967e-02  2.964233e-02  1.999922e-12  1.722042e-12       0.0     1.290400       0.000000
299  eq5j  eq3b   600.0   900.000000     900      Inf  9.127300e-09  1.394566e-09  7.868999e-09  1.288089e-09  1.258300e-09  1.454911e-10  1.032030e-16  8.602899e-17       0.0     1.290400       0.000000
400  eq5j  eq3b   900.0          inf     200      400  1.056596e+00  1.790144e-01  7.871346e-01  1.612028e-01  2.694618e-01  5.711169e-02  1.000000e-12  9.947103e-13       0.0     1.290400       0.000000
401  eq5j  eq3b   900.0          inf     400      600  4.382671e-01  8.106833e-02  2.587476e-01  6.607171e-02  1.795195e-01  3.120402e-02  1.000000e-12  9.950523e-13       0.0     1.290400       0.000000
402  eq5j  eq3b   900.0          inf     600      900  1.982366e-01  6.940952e-02  7.281782e-02  2.021127e-02  1.254188e-01  5.782796e-02  1.000000e-12  9.954892e-13       0.0     1.290400       0.000000
403  eq5j  eq3b   900.0          inf     900      Inf  1.693100e-09  2.732567e-10  1.118700e-09  2.302729e-10  5.744000e-10  7.694903e-11  3.000000e-21  0.000000e+00       0.0     1.290400       0.000000
216  eq5j  ge4b   400.0          inf     200      400  1.776418e+00  3.380761e-01  1.659054e+00  3.238261e-01  1.173643e-01  2.836423e-02  1.117990e-07  1.747628e-07       2.0     2.250400       1.264200
217  eq5j  ge4b   400.0          inf     400      600  1.420820e-01  2.949228e-02  1.039463e-01  2.564980e-02  3.813570e-02  1.256251e-02  1.000191e-12  1.563487e-12       1.0     1.750500       0.632100
218  eq5j  ge4b   400.0          inf     600      900  1.918500e-09  3.540232e-10  1.763000e-09  3.371368e-10  1.555000e-10  2.875995e-11  1.118000e-16  1.747643e-16       0.0     1.290400       0.000000
219  eq5j  ge4b   400.0          inf     900      Inf  1.918500e-09  3.540232e-10  1.763000e-09  3.371368e-10  1.555000e-10  2.875995e-11  1.118000e-16  1.747643e-16       0.0     1.290400       0.000000
72   ge2a  eq0b   200.0   400.000000     200      400  1.014114e+05  1.381891e+04  4.650334e+04  6.695642e+03  5.403923e+04  6.534189e+03  8.688019e+02  7.220764e+02  116868.0   341.859620     341.859620
73   ge2a  eq0b   200.0   400.000000     400      600  1.014114e-04  1.382913e-05  4.650334e-05  6.695641e-06  5.403922e-05  6.534189e-06  8.688019e-07  7.448077e-07       0.0     1.290400       0.000000
74   ge2a  eq0b   200.0   400.000000     600      900  1.014114e-04  1.382913e-05  4.650334e-05  6.695641e-06  5.403922e-05  6.534189e-06  8.688019e-07  7.448077e-07       0.0     1.290400       0.000000
75   ge2a  eq0b   200.0   400.000000     900      Inf  1.014114e-04  1.382913e-05  4.650334e-05  6.695641e-06  5.403922e-05  6.534189e-06  8.688019e-07  7.448077e-07       0.0     1.290400       0.000000
132  ge2a  eq0b   400.0   600.000000     200      400  2.909432e+03  3.505067e+02  1.347313e+03  2.074642e+02  1.562119e+03  2.077337e+02  5.021042e-05  4.213809e-05    2932.0    54.147945      54.147945
133  ge2a  eq0b   400.0   600.000000     400      600  2.582240e+03  3.338227e+02  7.836558e+02  1.559942e+02  1.798584e+03  2.204785e+02  4.459958e-05  3.654302e-05    2800.0    52.915026      52.915026
134  ge2a  eq0b   400.0   600.000000     600      900  5.491671e-06  5.207368e-07  2.130969e-06  3.004425e-07  3.360703e-06  2.658006e-07  9.481000e-14  7.797625e-14       0.0     1.290400       0.000000
135  ge2a  eq0b   400.0   600.000000     900      Inf  5.491671e-06  5.207368e-07  2.130969e-06  3.004425e-07  3.360703e-06  2.658006e-07  9.481000e-14  7.797625e-14       0.0     1.290400       0.000000
240  ge2a  eq0b   600.0   900.000000     200      400  6.529285e+01  1.629556e+01  2.169509e+01  6.355543e+00  4.359775e+01  1.368756e+01  7.775560e-07  6.841447e-07      67.0     8.185353       8.185353
241  ge2a  eq0b   600.0   900.000000     400      600  6.295909e+01  1.133370e+01  1.756627e+01  4.310466e+00  4.539282e+01  7.750077e+00  7.474927e-07  8.451975e-07      73.0     8.544004       8.544004
242  ge2a  eq0b   600.0   900.000000     600      900  1.571258e+02  4.896921e+01  3.285165e+01  1.425986e+01  1.242741e+02  3.534619e+01  1.865451e-06  2.115206e-06     177.0    13.304135      13.304135
243  ge2a  eq0b   600.0   900.000000     900      Inf  2.853777e-07  7.456986e-08  7.211300e-08  2.126877e-08  2.132647e-07  4.852933e-08  3.390500e-15  3.531592e-15       0.0     1.290400       0.000000
384  ge2a  eq0b   900.0          inf     200      400  3.177784e+01  1.408697e+01  6.134347e+00  3.364400e+00  2.564349e+01  1.176579e+01  1.000000e-12  8.577712e-13      28.0     5.822300       5.183100
385  ge2a  eq0b   900.0          inf     400      600  5.030956e+01  3.084796e+01  7.888253e+00  6.185424e+00  4.242131e+01  2.523934e+01  1.000000e-12  8.577712e-13      54.0     7.348469       7.348469
386  ge2a  eq0b   900.0          inf     600      900  8.208740e-08  4.119410e-08  1.402260e-08  9.288100e-09  6.806480e-08  3.224680e-08  2.000000e-21  0.000000e+00       0.0     1.290400       0.000000
387  ge2a  eq0b   900.0          inf     900      Inf  8.208740e-08  4.119410e-08  1.402260e-08  9.288100e-09  6.806480e-08  3.224680e-08  2.000000e-21  0.000000e+00       0.0     1.290400       0.000000
88   ge2a  eq1b   200.0   400.000000     200      400  1.333364e+04  1.515387e+03  8.560481e+03  9.639521e+02  4.658762e+03  5.552680e+02  1.143993e+02  9.274364e+01   16307.0   127.698865     127.698865
89   ge2a  eq1b   200.0   400.000000     400      600  1.333364e-05  1.515746e-06  8.560481e-06  9.639521e-07  4.658762e-06  5.552680e-07  1.143993e-07  9.266554e-08       0.0     1.290400       0.000000
90   ge2a  eq1b   200.0   400.000000     600      900  1.333364e-05  1.515746e-06  8.560481e-06  9.639521e-07  4.658762e-06  5.552680e-07  1.143993e-07  9.266554e-08       0.0     1.290400       0.000000
91   ge2a  eq1b   200.0   400.000000     900      Inf  1.333364e-05  1.515746e-06  8.560481e-06  9.639521e-07  4.658762e-06  5.552680e-07  1.143993e-07  9.266554e-08       0.0     1.290400       0.000000
160  ge2a  eq1b   400.0   600.000000     200      400  9.690905e+02  1.199153e+02  7.418602e+02  1.023184e+02  2.272302e+02  2.857075e+01  1.680647e-05  1.372014e-05    1042.0    32.280025      32.280025
161  ge2a  eq1b   400.0   600.000000     400      600  2.757686e+02  3.506356e+01  1.022613e+02  1.656853e+01  1.735072e+02  2.321160e+01  4.761534e-06  3.967340e-06     310.0    17.606817      17.606817
162  ge2a  eq1b   400.0   600.000000     600      900  1.244859e-06  1.394366e-07  8.441215e-07  1.127009e-07  4.007375e-07  3.360119e-08  2.156800e-14  1.758211e-14       0.0     1.290400       0.000000
163  ge2a  eq1b   400.0   600.000000     900      Inf  1.244859e-06  1.394366e-07  8.441215e-07  1.127009e-07  4.007375e-07  3.360119e-08  2.156800e-14  1.758211e-14       0.0     1.290400       0.000000
264  ge2a  eq1b   600.0   900.000000     200      400  1.864522e+01  2.949252e+00  1.180096e+01  2.412634e+00  6.844263e+00  1.846642e+00  1.545701e-07  1.751084e-07      12.0     4.292000       3.170900
265  ge2a  eq1b   600.0   900.000000     400      600  1.108541e+01  1.669259e+00  5.044236e+00  9.296750e-01  6.041177e+00  9.132679e-01  1.315541e-07  1.490822e-07      12.0     4.292000       3.170900
266  ge2a  eq1b   600.0   900.000000     600      900  1.687386e+01  5.082796e+00  5.025103e+00  1.729069e+00  1.184876e+01  3.500806e+00  2.002788e-07  2.269642e-07      22.0     5.315000       4.695700
267  ge2a  eq1b   600.0   900.000000     900      Inf  4.660450e-08  8.500562e-09  2.187030e-08  3.923069e-09  2.473420e-08  4.932603e-09  4.864030e-16  5.512102e-16       0.0     1.290400       0.000000
388  ge2a  eq1b   900.0          inf     200      400  3.928667e+00  1.602394e+00  9.997335e-01  3.650519e-01  2.928933e+00  1.368018e+00  1.000000e-12  8.577712e-13       5.0     2.806400       2.249500
389  ge2a  eq1b   900.0          inf     400      600  6.322533e+00  3.861593e+00  1.170066e+00  7.405103e-01  5.152467e+00  3.191243e+00  1.000000e-12  8.577712e-13       7.0     3.300600       2.749600
390  ge2a  eq1b   900.0          inf     600      900  1.025120e-08  5.007895e-09  2.169800e-09  1.051442e-09  8.081400e-09  4.013633e-09  2.000000e-21  0.000000e+00       0.0     1.290400       0.000000
391  ge2a  eq1b   900.0          inf     900      Inf  1.025120e-08  5.007895e-09  2.169800e-09  1.051442e-09  8.081400e-09  4.013633e-09  2.000000e-21  0.000000e+00       0.0     1.290400       0.000000
100  ge2a  eq2b   200.0   400.000000     200      400  1.856508e+03  2.126042e+02  1.365795e+03  1.564110e+02  4.748733e+02  5.490201e+01  1.583920e+01  1.279895e+01    2200.0    46.904158      46.904158
101  ge2a  eq2b   200.0   400.000000     400      600  1.856508e-06  2.126272e-07  1.365795e-06  1.564110e-07  4.748733e-07  5.490201e-08  1.583920e-08  1.279361e-08       0.0     1.290400       0.000000
102  ge2a  eq2b   200.0   400.000000     600      900  1.856508e-06  2.126272e-07  1.365795e-06  1.564110e-07  4.748733e-07  5.490201e-08  1.583920e-08  1.279361e-08       0.0     1.290400       0.000000
103  ge2a  eq2b   200.0   400.000000     900      Inf  1.856508e-06  2.126272e-07  1.365795e-06  1.564110e-07  4.748733e-07  5.490201e-08  1.583920e-08  1.279361e-08       0.0     1.290400       0.000000
184  ge2a  eq2b   400.0   600.000000     200      400  3.738572e+02  4.972330e+01  3.393985e+02  4.625408e+01  3.445868e+01  4.104267e+00  6.437796e-06  5.251597e-06     410.0    20.248457      20.248457
185  ge2a  eq2b   400.0   600.000000     400      600  2.387630e+01  3.388694e+00  9.696577e+00  1.601248e+00  1.417972e+01  2.306071e+00  4.134039e-07  3.542264e-07      35.0     5.916080       5.916080
186  ge2a  eq2b   400.0   600.000000     600      900  3.977335e-07  5.176982e-08  3.490951e-07  4.721035e-08  4.863840e-08  4.624671e-09  6.851200e-15  5.567571e-15       0.0     1.290400       0.000000
187  ge2a  eq2b   400.0   600.000000     900      Inf  3.977335e-07  5.176982e-08  3.490951e-07  4.721035e-08  4.863840e-08  4.624671e-09  6.851200e-15  5.567571e-15       0.0     1.290400       0.000000
284  ge2a  eq2b   600.0   900.000000     200      400  6.342602e+00  1.084920e+00  5.453322e+00  1.070804e+00  8.892808e-01  2.164464e-01  2.000000e-12  1.798394e-12       5.0     2.806400       2.249500
285  ge2a  eq2b   600.0   900.000000     400      600  2.154552e+00  3.146076e-01  1.421180e+00  2.598923e-01  7.333713e-01  9.677744e-02  2.000000e-12  1.798633e-12       3.0     2.301200       1.896400
286  ge2a  eq2b   600.0   900.000000     600      900  1.378246e+00  4.335678e-01  4.132979e-01  1.568312e-01  9.649480e-01  2.974068e-01  2.000000e-12  1.798633e-12       2.0     2.250400       1.264200
287  ge2a  eq2b   600.0   900.000000     900      Inf  9.875399e-09  1.469928e-09  7.287800e-09  1.300218e-09  2.587600e-09  4.277534e-10  6.000000e-21  0.000000e+00       0.0     1.290400       0.000000
392  ge2a  eq2b   900.0          inf     200      400  5.978840e-01  1.380554e-01  3.767338e-01  7.906405e-02  2.211502e-01  1.073595e-01  1.000000e-12  8.587840e-13       1.0     1.750500       0.632100
393  ge2a  eq2b   900.0          inf     400      600  4.491160e-01  2.636712e-01  1.303662e-01  5.962859e-02  3.187498e-01  2.133061e-01  1.000000e-12  8.568388e-13       0.0     1.290400       0.000000
394  ge2a  eq2b   900.0          inf     600      900  1.047000e-09  3.569784e-10  5.071000e-10  1.114923e-10  5.399000e-10  2.806616e-10  2.000000e-21  0.000000e+00       0.0     1.290400       0.000000
395  ge2a  eq2b   900.0          inf     900      Inf  1.047000e-09  3.569784e-10  5.071000e-10  1.114923e-10  5.399000e-10  2.806616e-10  2.000000e-21  0.000000e+00       0.0     1.290400       0.000000
108  ge2a  eq3b   200.0   400.000000     200      400  7.073140e+01  9.151609e+00  6.261350e+01  7.701543e+00  7.519500e+00  1.041044e+00  5.984000e-01  5.038171e-01      92.0     9.591663       9.591663
109  ge2a  eq3b   200.0   400.000000     400      600  7.073140e-08  9.152054e-09  6.261350e-08  7.701543e-09  7.519500e-09  1.041044e-09  5.984000e-10  5.036364e-10       0.0     1.290400       0.000000
110  ge2a  eq3b   200.0   400.000000     600      900  7.073140e-08  9.152054e-09  6.261350e-08  7.701543e-09  7.519500e-09  1.041044e-09  5.984000e-10  5.036364e-10       0.0     1.290400       0.000000
111  ge2a  eq3b   200.0   400.000000     900      Inf  7.073140e-08  9.152054e-09  6.261350e-08  7.701543e-09  7.519500e-09  1.041044e-09  5.984000e-10  5.036364e-10       0.0     1.290400       0.000000
204  ge2a  eq3b   400.0   600.000000     200      400  3.443499e+01  5.200195e+00  3.244928e+01  4.852401e+00  1.985718e+00  2.500288e-01  4.886000e-07  4.058327e-07      38.0     6.164414       6.164414
205  ge2a  eq3b   400.0   600.000000     400      600  6.325066e-01  1.046898e-01  3.818249e-01  6.944425e-02  2.506816e-01  5.925791e-02  1.999955e-12  1.807727e-12       2.0     2.250400       1.264200
206  ge2a  eq3b   400.0   600.000000     600      900  3.506750e-08  5.269515e-09  3.283110e-08  4.882197e-09  2.236400e-09  2.716163e-10  4.886020e-16  4.053676e-16       0.0     1.290400       0.000000
207  ge2a  eq3b   400.0   600.000000     900      Inf  3.506750e-08  5.269515e-09  3.283110e-08  4.882197e-09  2.236400e-09  2.716163e-10  4.886020e-16  4.053676e-16       0.0     1.290400       0.000000
316  ge2a  eq3b   600.0          inf     200      400  8.787515e-01  2.047439e-01  8.086079e-01  1.975931e-01  7.014367e-02  1.693624e-02  1.000000e-12  1.025932e-12       1.0     1.750500       0.632100
317  ge2a  eq3b   600.0          inf     400      600  1.563551e-01  3.264550e-02  1.211057e-01  2.840247e-02  3.524940e-02  6.582438e-03  1.000000e-12  1.025932e-12       0.0     1.290400       0.000000
318  ge2a  eq3b   600.0          inf     600      900  9.019336e-02  2.492739e-02  4.448643e-02  1.175516e-02  4.570692e-02  1.790081e-02  1.000000e-12  1.025932e-12       0.0     1.290400       0.000000
319  ge2a  eq3b   600.0          inf     900      Inf  1.125300e-09  2.391808e-10  9.741999e-10  2.271487e-10  1.511000e-10  2.567536e-11  3.000000e-21  0.000000e+00       0.0     1.290400       0.000000
136  ge6j  eq0b   400.0   600.000000     200      400  1.937331e+02  3.409957e+01  1.156726e+02  2.171204e+01  7.806030e+01  1.336134e+01  2.019100e-04  2.838370e-04     164.0    12.806248      12.806248
137  ge6j  eq0b   400.0   600.000000     400      600  1.937331e-07  3.409954e-08  1.156726e-07  2.171204e-08  7.806030e-08  1.336134e-08  2.019100e-13  4.612039e-12       0.0     1.290400       0.000000
138  ge6j  eq0b   400.0   600.000000     600      900  1.937331e-07  3.409954e-08  1.156726e-07  2.171204e-08  7.806030e-08  1.336134e-08  2.019100e-13  4.612039e-12       0.0     1.290400       0.000000
139  ge6j  eq0b   400.0   600.000000     900      Inf  1.937331e-07  3.409954e-08  1.156726e-07  2.171204e-08  7.806030e-08  1.336134e-08  2.019100e-13  4.612039e-12       0.0     1.290400       0.000000
244  ge6j  eq0b   600.0   900.000000     200      400  2.780019e+02  5.454032e+01  1.404440e+02  2.659308e+01  1.258062e+02  3.622079e+01  1.175169e+01  1.032508e+01     210.0    14.491377      14.491377
245  ge6j  eq0b   600.0   900.000000     400      600  6.806839e+01  3.501599e+01  2.556326e+01  6.874485e+00  3.962813e+01  3.004708e+01  2.877012e+00  2.601527e+00      56.0     7.483315       7.483315
246  ge6j  eq0b   600.0   900.000000     600      900  3.460703e-07  5.386015e-08  1.660073e-07  3.063707e-08  1.654343e-07  2.186036e-08  1.462870e-08  1.281834e-08       0.0     1.290400       0.000000
247  ge6j  eq0b   600.0   900.000000     900      Inf  3.460703e-07  5.386015e-08  1.660073e-07  3.063707e-08  1.654343e-07  2.186036e-08  1.462870e-08  1.281834e-08       0.0     1.290400       0.000000
336  ge6j  eq0b   900.0  1200.000000     200      400  9.442773e+01  2.642508e+01  4.645289e+01  9.241460e+00  4.781648e+01  2.131931e+01  1.583664e-01  1.353955e-01      64.0     8.000000       8.000000
337  ge6j  eq0b   900.0  1200.000000     400      600  4.010347e+01  1.861261e+01  1.265131e+01  3.174572e+00  2.738474e+01  1.561574e+01  6.741624e-02  5.397902e-02      35.0     5.916080       5.916080
338  ge6j  eq0b   900.0  1200.000000     600      900  6.089696e+00  5.132032e+00  1.594705e+00  7.856376e-01  4.484774e+00  4.872912e+00  1.021739e-02  1.049204e-02       6.0     3.278300       2.176900
339  ge6j  eq0b   900.0  1200.000000     900      Inf  1.406209e-07  1.866752e-08  6.069890e-08  1.197679e-08  7.968600e-08  8.237574e-09  2.360000e-10  1.990614e-10       0.0     1.290400       0.000000
16   ge6j  eq0b  1200.0          inf     200      400  1.826049e+01  8.852715e+00  8.699636e+00  2.400725e+00  9.469286e+00  8.470545e+00  9.156679e-02  9.097940e-02      12.0     4.292000       3.170900
17   ge6j  eq0b  1200.0          inf     400      600  1.681240e+01  4.184526e+00  5.444479e+00  1.661313e+00  1.128359e+01  2.956094e+00  8.433595e-02  8.383985e-02       9.0     3.790500       2.665800
18   ge6j  eq0b  1200.0          inf     600      900  8.591109e+00  5.559250e+00  1.701665e+00  8.606875e-01  6.846345e+00  5.102544e+00  4.309892e-02  4.283647e-02      11.0     3.819400       3.193600
19   ge6j  eq0b  1200.0          inf     900      Inf  2.771100e+00  3.286311e+00  4.855200e-01  3.859882e-01  2.271682e+00  3.093156e+00  1.389835e-02  1.382276e-02       5.0     2.806400       2.249500
164  ge6j  eq1b   400.0   600.000000     200      400  1.354354e+02  2.827120e+01  1.160139e+02  2.468293e+01  1.942140e+01  2.931302e+00  1.400000e-04  1.984855e-04     121.0    11.000000      11.000000
165  ge6j  eq1b   400.0   600.000000     400      600  1.354354e-07  2.827120e-08  1.160139e-07  2.468293e-08  1.942140e-08  2.931302e-09  1.400000e-13  1.985988e-13       0.0     1.290400       0.000000
166  ge6j  eq1b   400.0   600.000000     600      900  1.354354e-07  2.827120e-08  1.160139e-07  2.468293e-08  1.942140e-08  2.931302e-09  1.400000e-13  1.985988e-13       0.0     1.290400       0.000000
167  ge6j  eq1b   400.0   600.000000     900      Inf  1.354354e-07  2.827120e-08  1.160139e-07  2.468293e-08  1.942140e-08  2.931302e-09  1.400000e-13  1.985988e-13       0.0     1.290400       0.000000
268  ge6j  eq1b   600.0   900.000000     200      400  1.542805e+02  3.125330e+01  1.174610e+02  2.517157e+01  3.025000e+01  8.437576e+00  6.569502e+00  5.649967e+00     148.0    12.165525      12.165525
269  ge6j  eq1b   600.0   900.000000     400      600  2.535449e+01  9.414675e+00  1.476100e+01  3.656781e+00  9.509597e+00  6.808694e+00  1.083897e+00  9.205662e-01      26.0     5.811000       5.200900
270  ge6j  eq1b   600.0   900.000000     600      900  1.796350e-07  3.504784e-08  1.322220e-07  2.805051e-08  3.975960e-08  5.561428e-09  7.653400e-09  6.519700e-09       0.0     1.290400       0.000000
271  ge6j  eq1b   600.0   900.000000     900      Inf  1.796350e-07  3.504784e-08  1.322220e-07  2.805051e-08  3.975960e-08  5.561428e-09  7.653400e-09  6.519700e-09       0.0     1.290400       0.000000
356  ge6j  eq1b   900.0  1200.000000     200      400  4.168157e+01  9.586651e+00  2.939614e+01  6.628216e+00  1.221492e+01  5.429863e+00  7.050107e-02  6.124684e-02      42.0     6.480741       6.480741
357  ge6j  eq1b   900.0  1200.000000     400      600  1.383168e+01  4.987574e+00  6.854997e+00  1.708266e+00  6.953493e+00  3.958606e+00  2.318798e-02  1.889570e-02      12.0     4.292000       3.170900
358  ge6j  eq1b   900.0  1200.000000     600      900  1.659754e+00  1.271515e+00  5.658600e-01  2.111600e-01  1.091083e+00  1.209553e+00  2.810952e-03  2.875057e-03       0.0     1.290400       0.000000
359  ge6j  eq1b   900.0  1200.000000     900      Inf  5.717300e-08  9.911194e-09  3.681700e-08  8.204869e-09  2.025950e-08  2.167792e-09  9.650000e-11  8.271098e-11       0.0     1.290400       0.000000
36   ge6j  eq1b  1200.0          inf     200      400  7.424611e+00  2.859655e+00  4.727618e+00  1.489661e+00  2.659439e+00  2.394176e+00  3.755476e-02  3.735017e-02       6.0     3.278300       2.176900
37   ge6j  eq1b  1200.0          inf     400      600  5.931293e+00  1.454653e+00  2.769946e+00  7.975230e-01  3.131367e+00  8.485877e-01  2.997963e-02  2.975540e-02       5.0     2.806400       2.249500
38   ge6j  eq1b  1200.0          inf     600      900  2.612388e+00  1.589927e+00  7.303526e-01  3.192057e-01  1.868822e+00  1.421871e+00  1.321373e-02  1.314920e-02       5.0     2.806400       2.249500
39   ge6j  eq1b  1200.0          inf     900      Inf  8.379081e-01  9.526446e-01  1.933836e-01  1.379402e-01  6.402726e-01  8.834050e-01  4.251890e-03  4.226071e-03       0.0     1.290400       0.000000
188  ge6j  eq2b   400.0   600.000000     200      400  6.946707e+01  1.588721e+01  6.453780e+01  1.443117e+01  4.929200e+00  7.246853e-01  7.235000e-05  1.030423e-04      58.0     7.615773       7.615773
189  ge6j  eq2b   400.0   600.000000     400      600  6.946707e-08  1.588721e-08  6.453780e-08  1.443117e-08  4.929200e-09  7.246853e-10  7.235000e-14  1.030512e-13       0.0     1.290400       0.000000
190  ge6j  eq2b   400.0   600.000000     600      900  6.946707e-08  1.588721e-08  6.453780e-08  1.443117e-08  4.929200e-09  7.246853e-10  7.235000e-14  1.030512e-13       0.0     1.290400       0.000000
191  ge6j  eq2b   400.0   600.000000     900      Inf  6.946707e-08  1.588721e-08  6.453780e-08  1.443117e-08  4.929200e-09  7.246853e-10  7.235000e-14  1.030512e-13       0.0     1.290400       0.000000
288  ge6j  eq2b   600.0   900.000000     200      400  7.442847e+01  1.637677e+01  6.374706e+01  1.424064e+01  7.530473e+00  1.938558e+00  3.150935e+00  2.741912e+00      85.0     9.219544       9.219544
289  ge6j  eq2b   600.0   900.000000     400      600  8.493935e+00  2.678567e+00  6.150243e+00  1.641133e+00  1.986027e+00  1.459927e+00  3.576646e-01  2.957936e-01       8.0     3.318700       2.698800
290  ge6j  eq2b   600.0   900.000000     600      900  8.292240e-08  1.818983e-08  6.989730e-08  1.559707e-08  9.516500e-09  1.422094e-09  3.508600e-09  3.026202e-09       0.0     1.290400       0.000000
291  ge6j  eq2b   600.0   900.000000     900      Inf  8.292240e-08  1.818983e-08  6.989730e-08  1.559707e-08  9.516500e-09  1.422094e-09  3.508600e-09  3.026202e-09       0.0     1.290400       0.000000
372  ge6j  eq2b   900.0  1200.000000     200      400  1.791431e+01  4.266803e+00  1.512451e+01  3.720186e+00  2.759777e+00  1.176033e+00  3.002917e-02  2.653318e-02      11.0     3.819400       3.193600
373  ge6j  eq2b   900.0  1200.000000     400      600  4.575887e+00  1.287948e+00  3.147568e+00  8.152441e-01  1.420654e+00  8.180122e-01  7.665410e-03  6.469732e-03       3.0     2.301200       1.896400
374  ge6j  eq2b   900.0  1200.000000     600      900  4.767973e-01  3.144949e-01  2.312238e-01  8.086981e-02  2.447681e-01  2.885396e-01  8.054199e-04  8.256124e-04       0.0     1.290400       0.000000
375  ge6j  eq2b   900.0  1200.000000     900      Inf  2.296700e-08  5.004850e-09  1.850330e-08  4.487615e-09  4.425200e-09  4.964316e-10  3.850000e-11  3.381348e-11       0.0     1.290400       0.000000
52   ge6j  eq2b  1200.0          inf     200      400  2.509093e+00  8.375941e-01  2.034011e+00  6.911306e-01  4.624902e-01  4.458134e-01  1.259171e-02  1.252001e-02       0.0     1.290400       0.000000
53   ge6j  eq2b  1200.0          inf     400      600  1.645531e+00  4.187919e-01  1.031919e+00  3.120957e-01  6.053478e-01  1.571426e-01  8.264298e-03  8.205008e-03       0.0     1.290400       0.000000
54   ge6j  eq2b  1200.0          inf     600      900  6.180391e-01  3.543521e-01  2.137533e-01  8.584891e-02  4.011890e-01  3.100204e-01  3.096805e-03  3.081380e-03       2.0     2.250400       1.264200
55   ge6j  eq2b  1200.0          inf     900      Inf  1.924367e-01  1.982817e-01  6.721654e-02  4.528066e-02  1.242729e-01  1.749454e-01  9.471927e-04  9.414484e-04       0.0     1.290400       0.000000
208  ge6j  eq3b   400.0   600.000000     200      400  8.948409e+00  2.256628e+00  8.363100e+00  2.102900e+00  5.853000e-01  9.327396e-02  9.467000e-06  1.366146e-05      14.0     4.315200       3.699400
209  ge6j  eq3b   400.0   600.000000     400      600  8.948409e-09  2.256628e-09  8.363100e-09  2.102899e-09  5.853000e-10  9.327397e-11  9.467000e-15  1.364144e-14       0.0     1.290400       0.000000
210  ge6j  eq3b   400.0   600.000000     600      900  8.948409e-09  2.256628e-09  8.363100e-09  2.102899e-09  5.853000e-10  9.327397e-11  9.467000e-15  1.364144e-14       0.0     1.290400       0.000000
211  ge6j  eq3b   400.0   600.000000     900      Inf  8.948409e-09  2.256628e-09  8.363100e-09  2.102899e-09  5.853000e-10  9.327397e-11  9.467000e-15  1.364144e-14       0.0     1.290400       0.000000
300  ge6j  eq3b   600.0   900.000000     200      400  1.108770e+01  2.585488e+00  9.791282e+00  2.271492e+00  8.357291e-01  2.179212e-01  4.606911e-01  3.992080e-01      20.0     5.300300       4.169000
301  ge6j  eq3b   600.0   900.000000     400      600  1.123798e+00  3.646909e-01  8.844180e-01  2.698060e-01  1.933709e-01  1.443685e-01  4.600896e-02  3.798110e-02       3.0     2.301200       1.896400
302  ge6j  eq3b   600.0   900.000000     600      900  1.221150e-08  2.867605e-09  1.067570e-08  2.494805e-09  1.029100e-09  1.777760e-10  5.067000e-10  4.363762e-10       0.0     1.290400       0.000000
303  ge6j  eq3b   600.0   900.000000     900      Inf  1.221150e-08  2.867605e-09  1.067570e-08  2.494805e-09  1.029100e-09  1.777760e-10  5.067000e-10  4.363762e-10       0.0     1.290400       0.000000
376  ge6j  eq3b   900.0  1200.000000     200      400  2.980587e+00  7.656172e-01  2.655094e+00  6.925504e-01  3.205683e-01  1.396430e-01  4.925231e-03  4.360301e-03       4.0     2.776400       1.664100
377  ge6j  eq3b   900.0  1200.000000     400      600  6.580618e-01  2.020174e-01  4.880080e-01  1.548476e-01  1.689150e-01  1.004854e-01  1.138787e-03  9.795703e-04       0.0     1.290400       0.000000
378  ge6j  eq3b   900.0  1200.000000     600      900  8.485042e-02  3.961574e-02  5.929782e-02  2.075025e-02  2.541662e-02  3.135762e-02  1.359821e-04  1.391989e-04       0.0     1.290400       0.000000
379  ge6j  eq3b   900.0  1200.000000     900      Inf  3.723500e-09  9.214869e-10  3.202400e-09  8.377929e-10  5.149000e-10  7.087803e-11  6.199999e-12  5.474871e-12       0.0     1.290400       0.000000
56   ge6j  eq3b  1200.0          inf     200      400  3.985257e-01  1.349299e-01  3.554076e-01  1.243359e-01  4.116264e-02  4.522552e-02  1.955434e-03  1.943463e-03       1.0     1.750500       0.632100
57   ge6j  eq3b  1200.0          inf     400      600  2.480906e-01  7.027346e-02  1.856059e-01  5.988420e-02  6.127707e-02  1.644407e-02  1.207655e-03  1.200294e-03       0.0     1.290400       0.000000
58   ge6j  eq3b  1200.0          inf     600      900  8.550667e-02  4.489348e-02  3.769241e-02  1.579883e-02  4.739943e-02  3.619948e-02  4.148243e-04  4.122743e-04       1.0     1.750500       0.632100
59   ge6j  eq3b  1200.0          inf     900      Inf  2.387705e-02  2.380704e-02  8.394098e-03  4.477976e-03  1.536086e-02  2.188656e-02  1.220866e-04  1.213479e-04       0.0     1.290400       0.000000
212  ge6j  ge4b   400.0   600.000000     200      400  2.457603e+00  6.743008e-01  2.272800e+00  6.616557e-01  1.848000e-01  2.403974e-02  2.537000e-06  2.439391e-06       4.0     2.776400       1.664100
213  ge6j  ge4b   400.0   600.000000     400      600  2.457602e-09  6.743008e-10  2.272800e-09  6.616557e-10  1.848000e-10  2.403974e-11  2.537000e-15  2.441255e-15       0.0     1.290400       0.000000
214  ge6j  ge4b   400.0   600.000000     600      900  2.457602e-09  6.743008e-10  2.272800e-09  6.616557e-10  1.848000e-10  2.403974e-11  2.537000e-15  2.441255e-15       0.0     1.290400       0.000000
215  ge6j  ge4b   400.0   600.000000     900      Inf  2.457602e-09  6.743008e-10  2.272800e-09  6.616557e-10  1.848000e-10  2.403974e-11  2.537000e-15  2.441255e-15       0.0     1.290400       0.000000