     njet  bjet  ht_low      ht_high mht_low mht_high            bkg     bkg_err         bkgTtw  bkgTtw_err        bkgZinv  bkgZinv_err        bkgQcd    bkgQcd_err      data  data_err_up  data_err_down
0    eq1j  eq0b   200.0   400.000000     200      400  254856.074241  424.145446  106468.920237  302.591393  148286.035833   199.559695  1.011182e+02  2.202583e+02  291353.0   539.771248     539.771248
1    eq1j  eq0b   400.0   600.000000     200      400    7342.193875   30.053570    2046.065619   23.812808    5295.739145    17.059507  3.891114e-01  6.718667e+00    8572.0    92.585096      92.585096
2    eq1j  eq0b   600.0   900.000000     200      400     680.055247    3.960486     135.832472    2.146353     544.187108     3.269002  3.566649e-02  6.262917e-01     878.0    29.631065      29.631065
3    eq1j  eq0b   900.0          inf     200      400      56.934442    0.912908       7.388680    0.309815      49.545762     0.858729  1.000000e-12  1.000000e-12      57.0     7.549834       7.549834
4    eq1j  eq1b   200.0   400.000000     200      400    8864.284717   28.973532    2980.197642   17.805476    5880.570030    21.565138  3.517045e+00  7.574658e+00   11072.0   105.223572     105.223572
5    eq1j  eq1b   400.0   600.000000     200      400     334.577528    2.676069      87.164521    2.023221     247.395276     1.724730  1.773148e-02  3.053342e-01     406.0    20.149442      20.149442
6    eq1j  eq1b   600.0          inf     200      400      41.519868    0.525484       7.202932    0.247753      34.315001     0.462193  1.934839e-03  3.361351e-02      71.0     8.426150       8.426150
7    eq2j  eq0b   200.0   400.000000     200      400   29224.531139  147.083663   12906.873346  104.273279   16221.455867    67.292872  9.620193e+01  7.894528e+01   34934.0   186.906394     186.906394
8    eq2j  eq0b   400.0   600.000000     200      400    3274.273541   54.950746    1226.384700   18.039608    1968.364143    10.785642  7.952470e+01  5.077231e+01    3468.0    58.889727      58.889727
9    eq2j  eq0b   400.0   600.000000     400      600    2176.893042   35.211017     644.049379   11.350116    1479.979540     8.608717  5.286412e+01  3.220063e+01    2568.0    50.675438      50.675438
10   eq2j  eq0b   600.0   900.000000     200      400     276.672474    5.255026     102.961302    2.007576     166.991495     2.154660  6.719678e+00  4.352284e+00     226.0    15.033296      15.033296
11   eq2j  eq0b   600.0   900.000000     400      600     268.382109    5.027012      76.048944    1.760688     185.813457     2.115829  6.519707e+00  4.206435e+00     253.0    15.905974      15.905974
12   eq2j  eq0b   600.0   900.000000     600      900     284.567847    4.991405      57.184458    1.318882     220.472095     2.241453  6.911294e+00  4.260348e+00     303.0    17.406895      17.406895
13   eq2j  eq0b   900.0  1200.000000     200      400     179.342914    2.966556      67.133076    1.624401     112.209837     1.849785  8.132896e-07  1.655316e+00     165.0    12.845233      12.845233
14   eq2j  eq0b   900.0  1200.000000     400      600     130.910448    2.360208      37.062798    1.170063      93.847650     1.673708  5.937884e-07  1.183315e+00     125.0    11.180340      11.180340
15   eq2j  eq0b   900.0  1200.000000     600      900      78.662020    1.594860      17.927607    0.760121      60.734413     1.208763  3.566714e-07  7.104135e-01      97.0     9.848858       9.848858
16   eq2j  eq0b   900.0  1200.000000     900      Inf      29.319501    0.797120       4.602740    0.308550      24.716760     0.734981  2.000000e-12  1.732051e-12      25.0     5.804900       4.666400
17   eq2j  eq0b  1200.0          inf     200      400      11.844939    0.572139       3.872041    0.175739       7.972897     0.440883  1.398441e-07  3.195009e-01       9.0     3.790500       2.665800
18   eq2j  eq0b  1200.0          inf     400      600      33.415716    1.181628       8.626796    0.245815      24.788920     0.723447  3.945199e-07  9.013571e-01      26.0     5.811000       5.200900
19   eq2j  eq0b  1200.0          inf     600      900      28.036394    1.008192       5.915881    0.211690      22.120512     0.632276  3.309932e-07  7.562179e-01      22.0     5.315000       4.695700
20   eq2j  eq0b  1200.0          inf     900      Inf      20.860135    0.722742       3.460643    0.140903      17.399492     0.431150  2.462838e-07  5.626831e-01      19.0     4.824700       4.180600
21   eq2j  eq1b   200.0   400.000000     200      400    3006.599161   20.757054    1693.313291   15.495080    1303.375910    11.138988  9.909961e+00  8.165827e+00    3850.0    62.048368      62.048368
22   eq2j  eq1b   400.0   600.000000     200      400     277.423358    5.250286      95.330520    2.421744     175.354020     1.750502  6.738818e+00  4.316990e+00     327.0    18.083141      18.083141
23   eq2j  eq1b   400.0   600.000000     400      600     219.277677    4.233407      80.366243    2.208615     133.569749     1.541661  5.341685e+00  3.266043e+00     240.0    15.491933      15.491933
24   eq2j  eq1b   600.0   900.000000     200      400      26.894378    0.637491       9.276895    0.326970      16.964066     0.355769  6.534163e-01  4.158283e-01      22.0     5.315000       4.695700
25   eq2j  eq1b   600.0   900.000000     400      600      25.533535    0.657665       7.356725    0.406042      17.559215     0.329288  6.175944e-01  3.990277e-01      39.0     6.244998       6.244998
26   eq2j  eq1b   600.0   900.000000     600      900      27.132110    0.671391       6.968476    0.388918      19.504154     0.365897  6.594807e-01  4.069737e-01      31.0     5.567764       5.567764
27   eq2j  eq1b   900.0  1200.000000     200      400      19.311900    0.399319       6.770879    0.242328      12.541021     0.317385  2.000000e-12  1.732051e-12      17.0     4.808400       4.209500
28   eq2j  eq1b   900.0  1200.000000     400      600      14.912955    0.420910       5.188729    0.323645       9.724227     0.269108  2.000000e-12  1.732051e-12      15.0     4.324900       3.681300
29   eq2j  eq1b   900.0  1200.000000     600      900       7.421593    0.221254       1.260447    0.088531       6.161146     0.202769  2.000000e-12  1.732051e-12      12.0     4.292000       3.170900
30   eq2j  eq1b   900.0  1200.000000     900      Inf       3.167643    0.140218       0.541801    0.064774       2.625842     0.124360  2.000000e-12  1.732051e-12       6.0     3.278300       2.176900
31   eq2j  eq1b  1200.0          inf     200      400       1.129401    0.066923       0.400246    0.028709       0.729156     0.060452  1.000000e-12  1.000000e-12       1.0     1.750500       0.632100
32   eq2j  eq1b  1200.0          inf     400      600       3.401835    0.112389       1.098463    0.042521       2.303372     0.104035  1.000000e-12  1.000000e-12       6.0     3.278300       2.176900
33   eq2j  eq1b  1200.0          inf     600      900       2.095650    0.074006       0.484267    0.024208       1.611383     0.069935  1.000000e-12  1.000000e-12       1.0     1.750500       0.632100
34   eq2j  eq1b  1200.0          inf     900      Inf       1.961941    0.068970       0.318447    0.015240       1.643494     0.067265  1.000000e-12  1.000000e-12       4.0     2.776400       1.664100
35   eq2j  eq2b   200.0   400.000000     200      400     196.081646    4.353252      87.530032    2.802697     107.912182     3.288734  6.394317e-01  5.290726e-01     254.0    15.937377      15.937377
36   eq2j  eq2b   400.0   600.000000     200      400      13.206922    0.531574       3.019317    0.308034       9.867237     0.379900  3.203687e-01  2.082352e-01      22.0     5.315000       4.695700
37   eq2j  eq2b   400.0   600.000000     400      600      15.174516    0.592749       3.803810    0.259197      11.010099     0.484793  3.606067e-01  2.216847e-01      18.0     4.816900       4.194000
38   eq2j  eq2b   600.0          inf     200      400       1.807631    0.118885       0.594924    0.078575       1.187167     0.087707  2.553905e-02  1.634408e-02       1.0     1.750500       0.632100
39   eq2j  eq2b   600.0          inf     400      600       1.899069    0.120147       0.477021    0.067117       1.391142     0.097622  3.090502e-02  2.000854e-02       2.0     2.250400       1.264200
40   eq2j  eq2b   600.0          inf     600      900       2.348771    0.134992       0.552926    0.078639       1.755097     0.106703  4.074773e-02  2.555895e-02       2.0     2.250400       1.264200
41   eq3j  eq0b   200.0   400.000000     200      400   10504.310707   82.779023    4904.995425   51.252148    5452.843784    32.628566  1.464715e+02  5.622242e+01   11815.0   108.696826     108.696826
42   eq3j  eq0b   400.0   600.000000     200      400    6666.887510   33.960674    2859.054168   27.982608    3782.475780    14.460331  2.535756e+01  1.269645e+01    7120.0    84.380092      84.380092
43   eq3j  eq0b   400.0   600.000000     400      600    1391.038999   11.551917     446.572502    8.787063     939.175194     7.055213  5.291302e+00  2.541315e+00    1463.0    38.249183      38.249183
44   eq3j  eq0b   600.0   900.000000     200      400     698.526230   24.667558     276.028150    3.356266     422.498069     3.394807  1.202358e-05  2.420122e+01     668.0    25.845696      25.845696
45   eq3j  eq0b   600.0   900.000000     400      600     581.963928   20.268526     172.604366    2.535745     409.359552     3.124576  1.001829e-05  1.986505e+01     593.0    24.351591      24.351591
46   eq3j  eq0b   600.0   900.000000     600      900     231.412382    7.855948      55.186379    1.355558     176.225999     1.932941  3.983220e-06  7.492805e+00     246.0    15.684387      15.684387
47   eq3j  eq0b   900.0  1200.000000     200      400     275.292504    3.339221     103.016854    1.969093     172.275649     2.476886  4.883629e-07  1.066820e+00     245.0    15.652476      15.652476
48   eq3j  eq0b   900.0  1200.000000     400      600     182.343471    2.414673      50.524322    1.233573     131.819149     1.958578  3.234751e-07  6.876888e-01     164.0    12.806248      12.806248
49   eq3j  eq0b   900.0  1200.000000     600      900     109.839812    1.669760      23.343931    0.792073      86.495881     1.433303  1.359446e-07  3.261334e-01     101.0    10.049876      10.049876
50   eq3j  eq0b   900.0  1200.000000     900      Inf      28.202392    0.822479       5.558827    0.406706      22.643565     0.714886  2.000000e-12  1.732051e-12      19.0     4.824700       4.180600
51   eq3j  eq0b  1200.0          inf     200      400      22.514205    0.777682       7.064359    0.238203      15.122711     0.616870  3.271350e-01  4.092920e-01      21.0     5.307900       4.708000
52   eq3j  eq0b  1200.0          inf     400      600      54.175415    1.367656      15.904071    0.355595      37.483893     0.879571  7.874507e-01  9.850845e-01      28.0     5.822300       5.183100
53   eq3j  eq0b  1200.0          inf     600      900      36.125904    0.941283       8.678496    0.245937      26.922428     0.627853  5.249798e-01  6.567571e-01      31.0     5.567764       5.567764
54   eq3j  eq0b  1200.0          inf     900      Inf      21.964548    0.561760       3.285859    0.111225      18.359510     0.379164  3.191794e-01  3.992967e-01      17.0     4.808400       4.209500
55   eq3j  eq1b   200.0   400.000000     200      400    2242.583455   19.086881    1576.938183   13.338106     634.330595     6.561573  3.131468e+01  1.197287e+01    2703.0    51.990384      51.990384
56   eq3j  eq1b   400.0   600.000000     200      400    1125.797379    7.738201     649.561857    6.774793     471.946994     3.043787  4.288529e+00  2.171933e+00    1212.0    34.813790      34.813790
57   eq3j  eq1b   400.0   600.000000     400      600     222.356780    3.063703     102.881207    2.679011     118.629239     1.429897  8.463347e-01  4.056689e-01     301.0    17.349352      17.349352
58   eq3j  eq1b   600.0   900.000000     200      400      94.625497    3.449199      38.354602    0.791497      56.270894     0.717163  1.629415e-06  3.279662e+00     110.0    10.488088      10.488088
59   eq3j  eq1b   600.0   900.000000     400      600      77.949799    2.813811      25.619728    0.725222      52.330070     0.634513  1.340416e-06  2.643668e+00      96.0     9.797959       9.797959
60   eq3j  eq1b   600.0   900.000000     600      900      32.742280    1.190789       7.851585    0.369049      24.890694     0.401141  5.638654e-07  1.058710e+00      42.0     6.480741       6.480741
61   eq3j  eq1b   900.0  1200.000000     200      400      41.185716    0.667656      18.484370    0.449700      22.701346     0.493493  2.000000e-12  1.732051e-12      39.0     6.244998       6.244998
62   eq3j  eq1b   900.0  1200.000000     400      600      23.883551    0.441561       7.952170    0.241169      15.931382     0.369883  2.000000e-12  1.732051e-12      24.0     5.327800       4.675100
63   eq3j  eq1b   900.0  1200.000000     600      900      15.442693    0.343167       3.099867    0.159016      12.342826     0.304101  2.000000e-12  1.732051e-12      10.0     3.806000       3.223600
64   eq3j  eq1b   900.0  1200.000000     900      Inf       4.358655    0.251593       0.354536    0.039686       4.004119     0.248443  2.000000e-12  1.732051e-12       6.0     3.278300       2.176900
65   eq3j  eq1b  1200.0          inf     200      400       3.353426    0.141028       1.255035    0.050654       2.049595     0.116597  4.879533e-02  6.105887e-02       3.0     2.301200       1.896400
66   eq3j  eq1b  1200.0          inf     400      600       7.548994    0.221005       2.486447    0.073872       4.953221     0.157095  1.093263e-01  1.367754e-01       5.0     2.806400       2.249500
67   eq3j  eq1b  1200.0          inf     600      900       5.139857    0.160186       1.195486    0.043593       3.869707     0.122611  7.466412e-02  9.341133e-02       7.0     3.300600       2.749600
68   eq3j  eq1b  1200.0          inf     900      Inf       3.461734    0.105253       0.517746    0.022776       2.893683     0.081232  5.030478e-02  6.293591e-02       4.0     2.776400       1.664100
69   eq3j  eq2b   200.0   400.000000     200      400     418.169374    5.723479     332.361309    4.758313      79.993480     2.264024  5.814584e+00  2.234024e+00     495.0    22.248595      22.248595
70   eq3j  eq2b   400.0   600.000000     200      400     208.314266    2.958038     154.438170    2.760325      53.085363     0.982994  7.907331e-01  4.053617e-01     229.0    15.132746      15.132746
71   eq3j  eq2b   400.0   600.000000     400      600      26.965043    0.848983      13.206139    0.716759      13.656582     0.452335  1.023218e-01  4.920739e-02      34.0     5.830952       5.830952
72   eq3j  eq2b   600.0   900.000000     200      400       9.114780    0.421212       3.854765    0.237504       5.260015     0.186610  1.354348e-07  2.935790e-01      10.0     3.806000       3.223600
73   eq3j  eq2b   600.0   900.000000     400      600       9.321954    0.450951       4.216692    0.297958       5.105262     0.172388  1.343872e-07  2.913082e-01       9.0     3.790500       2.665800
74   eq3j  eq2b   600.0   900.000000     600      900       3.246345    0.147599       0.824400    0.100912       2.421944     0.107714  2.000000e-12  1.732051e-12       2.0     2.250400       1.264200
75   eq3j  eq2b   900.0  1200.000000     200      400       3.506252    0.157091       1.653481    0.112896       1.852771     0.109234  2.000000e-12  1.732051e-12       4.0     2.776400       1.664100
76   eq3j  eq2b   900.0  1200.000000     400      600       1.813670    0.097359       0.598354    0.046307       1.215316     0.085641  2.000000e-12  1.732051e-12       2.0     2.250400       1.264200
77   eq3j  eq2b   900.0  1200.000000     600      900       1.262026    0.079822       0.270597    0.040817       0.991429     0.068596  2.000000e-12  1.732051e-12       2.0     2.250400       1.264200
78   eq3j  eq2b   900.0  1200.000000     900      Inf       0.376284    0.050286       0.021895    0.009459       0.354389     0.049388  2.000000e-12  1.732051e-12       0.0     1.290400       0.000000
79   eq3j  eq2b  1200.0          inf     200      400       0.268434    0.028978       0.090296    0.009358       0.174270     0.026992  3.867712e-03  4.855241e-03       1.0     1.750500       0.632100
80   eq3j  eq2b  1200.0          inf     400      600       0.655294    0.046125       0.197469    0.017492       0.448146     0.040921  9.679518e-03  1.212760e-02       0.0     1.290400       0.000000
81   eq3j  eq2b  1200.0          inf     600      900       0.442033    0.036234       0.084586    0.008789       0.351010     0.034215  6.436272e-03  8.064232e-03       0.0     1.290400       0.000000
82   eq3j  eq2b  1200.0          inf     900      Inf       0.300607    0.022305       0.045943    0.006133       0.250295     0.020735  4.368667e-03  5.473900e-03       0.0     1.290400       0.000000
83   eq3j  eq3b   200.0   400.000000     200      400      12.109430    0.319644      10.277115    0.290461       1.663484     0.114896  1.688313e-01  6.785187e-02      16.0     4.799100       3.666200
84   eq3j  eq3b   400.0   600.000000     200      400       7.945588    0.225833       6.480771    0.208117       1.435450     0.086367  2.936693e-02  1.511395e-02      10.0     3.806000       3.223600
85   eq3j  eq3b   400.0   600.000000     400      600       0.761360    0.056442       0.363262    0.036147       0.395194     0.043325  2.903777e-03  1.412647e-03       2.0     2.250400       1.264200
86   eq3j  eq3b   600.0          inf     200      400       0.363353    0.032379       0.152971    0.018851       0.210382     0.026326  3.000000e-12  2.449490e-12       3.0     2.301200       1.896400
87   eq3j  eq3b   600.0          inf     400      600       0.333019    0.032041       0.155594    0.025400       0.177424     0.019531  3.000000e-12  2.449490e-12       3.0     2.301200       1.896400
88   eq3j  eq3b   600.0          inf     600      900       0.161909    0.016403       0.032895    0.006396       0.129014     0.015105  3.000000e-12  2.449490e-12       0.0     1.290400       0.000000
89   eq4j  eq0b   400.0   600.000000     200      400    4749.118259   27.572515    2276.226860   22.905164    2463.680936    12.133565  9.210462e+00  9.400727e+00    4324.0    65.757129      65.757129
90   eq4j  eq0b   400.0   600.000000     400      600     460.440039    6.417991     157.802332    4.970741     301.744128     3.953059  8.935789e-01  9.250237e-01     437.0    20.904545      20.904545
91   eq4j  eq0b   600.0   900.000000     200      400     936.962683    6.598812     400.991952    4.161847     532.835775     3.814903  3.134956e+00  3.416120e+00     751.0    27.404379      27.404379
92   eq4j  eq0b   600.0   900.000000     400      600     521.683375    4.462076     158.159251    2.414206     361.779218     3.274059  1.744905e+00  1.833649e+00     484.0    22.000000      22.000000
93   eq4j  eq0b   600.0   900.000000     600      900     103.666897    1.614716      25.414404    0.905090      77.905844     1.289147  3.466489e-01  3.552763e-01     110.0    10.488088      10.488088
94   eq4j  eq0b   900.0  1200.000000     200      400     251.168173    3.249103     103.509190    1.936675     147.658982     2.104541  8.188534e-07  1.541709e+00     186.0    13.638182      13.638182
95   eq4j  eq0b   900.0  1200.000000     400      600     142.949725    2.215197      46.539107    1.261898      96.410618     1.602169  4.659629e-07  8.647353e-01     111.0    10.535654      10.535654
96   eq4j  eq0b   900.0  1200.000000     600      900      71.717207    1.330773      14.152368    0.573761      57.564838     1.156572  1.546414e-07  3.226408e-01      66.0     8.124038       8.124038
97   eq4j  eq0b   900.0  1200.000000     900      Inf      10.598585    0.469683       2.030972    0.204050       8.567613     0.423043  2.000000e-12  1.732051e-12      13.0     4.304300       3.721700
98   eq4j  eq0b  1200.0          inf     200      400      23.840707    0.671589       9.262651    0.292452      14.578055     0.533782  1.245996e-07  2.838679e-01      13.0     4.304300       3.721700
99   eq4j  eq0b  1200.0          inf     400      600      42.974185    0.994067      12.294334    0.295878      30.679851     0.799712  2.242805e-07  5.109650e-01      32.0     5.656854       5.656854
100  eq4j  eq0b  1200.0          inf     600      900      26.783629    0.612034       5.335159    0.152479      21.448470     0.499709  1.399283e-07  3.187904e-01      28.0     5.822300       5.183100
101  eq4j  eq0b  1200.0          inf     900      Inf      13.931257    0.299111       2.310046    0.092752      11.621211     0.284367  1.000000e-12  1.000000e-12      15.0     4.324900       3.681300
102  eq4j  eq1b   400.0   600.000000     200      400    1444.403809    9.233058    1050.753813    8.257950     390.830485     2.929983  2.819511e+00  2.910467e+00    1497.0    38.691084      38.691084
103  eq4j  eq1b   400.0   600.000000     400      600     109.843830    2.237600      60.517377    2.040821      49.112676     0.890293  2.137763e-01  2.219872e-01     109.0    10.440307      10.440307
104  eq4j  eq1b   600.0   900.000000     200      400     196.594887    2.091320     104.090470    1.704161      91.847520     0.976445  6.568966e-01  7.183386e-01     184.0    13.564660      13.564660
105  eq4j  eq1b   600.0   900.000000     400      600     100.899429    1.324408      43.261641    1.035915      57.299601     0.744493  3.381874e-01  3.559015e-01     106.0    10.295630      10.295630
106  eq4j  eq1b   600.0   900.000000     600      900      17.211648    0.408789       4.832805    0.295017      12.321000     0.276680  5.784356e-02  5.934274e-02      19.0     4.824700       4.180600
107  eq4j  eq1b   900.0  1200.000000     200      400      53.807894    0.817927      25.140437    0.531523      28.667457     0.554358  1.348647e-07  2.813787e-01      60.0     7.745967       7.745967
108  eq4j  eq1b   900.0  1200.000000     400      600      27.694410    0.506154      10.010755    0.323414      17.683655     0.389352  2.000000e-12  1.732051e-12      19.0     4.824700       4.180600
109  eq4j  eq1b   900.0  1200.000000     600      900      12.283692    0.297768       2.921755    0.144562       9.361937     0.260322  2.000000e-12  1.732051e-12      11.0     3.819400       3.193600
110  eq4j  eq1b   900.0  1200.000000     900      Inf       1.836062    0.120658       0.256773    0.037468       1.579289     0.114693  2.000000e-12  1.732051e-12       1.0     1.750500       0.632100
111  eq4j  eq1b  1200.0          inf     200      400       5.185692    0.175652       1.951960    0.071724       3.233731     0.160341  1.000000e-12  1.000000e-12       7.0     3.300600       2.749600
112  eq4j  eq1b  1200.0          inf     400      600      10.639474    0.221492       4.304099    0.097591       6.335375     0.198834  1.000000e-12  1.000000e-12      11.0     3.819400       3.193600
113  eq4j  eq1b  1200.0          inf     600      900       4.800431    0.115502       1.213283    0.039048       3.587148     0.108701  1.000000e-12  1.000000e-12       7.0     3.300600       2.749600
114  eq4j  eq1b  1200.0          inf     900      Inf       2.883537    0.084057       0.417729    0.023802       2.465808     0.080616  1.000000e-12  1.000000e-12       4.0     2.776400       1.664100
115  eq4j  eq2b   400.0   600.000000     200      400     490.048921    4.969181     426.744665    4.741811      62.356469     1.108675  9.477868e-01  9.893545e-01     524.0    22.891046      22.891046
116  eq4j  eq2b   400.0   600.000000     400      600      23.980329    0.941719      15.812099    0.868010       8.121885     0.361894  4.634548e-02  4.924801e-02      29.0     5.827500       5.175300
117  eq4j  eq2b   600.0   900.000000     200      400      39.238660    0.876479      25.390616    0.791625      13.716496     0.347136  1.315479e-01  1.450630e-01      50.0     7.071068       7.071068
118  eq4j  eq2b   600.0   900.000000     400      600      19.895662    0.600406      11.791743    0.541255       8.037623     0.250096  6.629541e-02  7.058813e-02      19.0     4.824700       4.180600
119  eq4j  eq2b   600.0   900.000000     600      900       2.411512    0.134608       0.732724    0.093700       1.670776     0.096288  8.011553e-03  8.265015e-03       1.0     1.750500       0.632100
120  eq4j  eq2b   900.0  1200.000000     200      400       8.714734    0.288120       4.744360    0.227304       3.970374     0.177048  2.000000e-12  1.732051e-12      10.0     3.806000       3.223600
121  eq4j  eq2b   900.0  1200.000000     400      600       4.142674    0.182565       1.794043    0.129757       2.348631     0.128425  2.000000e-12  1.732051e-12       7.0     3.300600       2.749600
122  eq4j  eq2b   900.0  1200.000000     600      900       1.705930    0.107695       0.537139    0.062137       1.168790     0.087961  2.000000e-12  1.732051e-12       0.0     1.290400       0.000000
123  eq4j  eq2b   900.0  1200.000000     900      Inf       0.290843    0.045950       0.048475    0.021714       0.242369     0.040496  2.000000e-12  1.732051e-12       1.0     1.750500       0.632100
124  eq4j  eq2b  1200.0          inf     200      400       0.725336    0.050003       0.292369    0.019950       0.432967     0.045851  1.000000e-12  1.000000e-12       1.0     1.750500       0.632100
125  eq4j  eq2b  1200.0          inf     400      600       1.549631    0.069222       0.764658    0.039775       0.784973     0.056653  1.000000e-12  1.000000e-12       0.0     1.290400       0.000000
126  eq4j  eq2b  1200.0          inf     600      900       0.519072    0.035721       0.133456    0.007603       0.385616     0.034903  1.000000e-12  1.000000e-12       0.0     1.290400       0.000000
127  eq4j  eq2b  1200.0          inf     900      Inf       0.382641    0.027408       0.052000    0.007255       0.330641     0.026431  1.000000e-12  1.000000e-12       1.0     1.750500       0.632100
128  eq4j  eq3b   400.0   600.000000     200      400      36.833094    0.616093      33.340804    0.591307       3.423454     0.157235  6.883687e-02  7.214207e-02      35.0     5.916080       5.916080
129  eq4j  eq3b   400.0   600.000000     400      600       1.575744    0.092033       1.080107    0.077926       0.492615     0.048855  3.022144e-03  3.283542e-03       1.0     1.750500       0.632100
130  eq4j  eq3b   600.0   900.000000     200      400       2.454896    0.102925       1.666109    0.088676       0.780495     0.051442  8.291451e-03  9.156790e-03       6.0     3.278300       2.176900
131  eq4j  eq3b   600.0   900.000000     400      600       1.155308    0.054226       0.664405    0.036710       0.487077     0.039700  3.826202e-03  4.090657e-03       0.0     1.290400       0.000000
132  eq4j  eq3b   600.0   900.000000     600      900       0.153705    0.020379       0.051231    0.013029       0.102003     0.015662  4.708814e-04  4.929423e-04       0.0     1.290400       0.000000
133  eq4j  eq3b   900.0          inf     200      400       0.655771    0.035019       0.390478    0.026235       0.265293     0.023196  1.000000e-12  1.000000e-12       0.0     1.290400       0.000000
134  eq4j  eq3b   900.0          inf     400      600       0.374311    0.021757       0.189359    0.015024       0.184952     0.015737  1.000000e-12  1.000000e-12       0.0     1.290400       0.000000
135  eq4j  eq3b   900.0          inf     600      900       0.138790    0.013301       0.035735    0.003312       0.103054     0.012882  1.000000e-12  1.000000e-12       0.0     1.290400       0.000000
136  eq4j  eq3b   900.0          inf     900      Inf       0.030550    0.003145       0.003353    0.000692       0.027197     0.003068  1.000000e-12  1.000000e-12       0.0     1.290400       0.000000
137  eq5j  eq0b   400.0   600.000000     200      400    1249.956549  164.140640     669.847498   11.186220     580.108972     6.281161  7.870361e-05  1.636385e+02    1132.0    33.645208      33.645208
138  eq5j  eq0b   400.0   600.000000     400      600      73.971683   10.617832      25.019567    1.847403      48.952112     1.526525  4.653828e-06  1.034385e+01      59.0     7.681146       7.681146
139  eq5j  eq0b   600.0   900.000000     200      400     561.433219   19.382531     257.713930    3.348319     303.719280     3.011876  9.110206e-06  1.885205e+01     435.0    20.856654      20.856654
140  eq5j  eq0b   600.0   900.000000     400      600     197.524530    6.793028      66.942288    1.548647     130.582239     1.862409  3.205066e-06  6.346523e+00     201.0    14.177447      14.177447
141  eq5j  eq0b   600.0   900.000000     600      900      25.897576    1.138202       6.051307    0.390381      19.846269     0.653945  4.205230e-07  8.458500e-01      17.0     4.808400       4.209500
142  eq5j  eq0b   900.0  1200.000000     200      400     149.937825    2.447145      66.264474    1.473382      83.673350     1.566047  6.304085e-07  1.168401e+00     124.0    11.135529      11.135529
143  eq5j  eq0b   900.0  1200.000000     400      600      68.143013    1.501233      21.906157    0.812864      46.236856     1.150879  2.863477e-07  5.181030e-01      59.0     7.681146       7.681146
144  eq5j  eq0b   900.0  1200.000000     600      900      30.733090    0.839264       7.269782    0.430252      23.463309     0.720589  2.000000e-12  1.732051e-12      28.0     5.822300       5.183100
145  eq5j  eq0b  1200.0          inf     200      400      18.111430    0.640735       7.313870    0.247192      10.797560     0.477830  1.745508e-07  3.480160e-01       7.0     3.300600       2.749600
146  eq5j  eq0b  1200.0          inf     400      600      23.076538    0.732337       7.437335    0.240292      15.639203     0.530756  2.225453e-07  4.437064e-01      16.0     4.799100       3.666200
147  eq5j  eq0b  1200.0          inf     600      900      13.246287    0.437915       3.255808    0.127392       9.990478     0.332579  1.278064e-07  2.548178e-01       7.0     3.300600       2.749600
148  eq5j  eq0b  1200.0          inf     900      Inf       6.249516    0.199491       0.997909    0.058390       5.251607     0.190754  1.000000e-12  1.000000e-12       6.0     3.278300       2.176900
149  eq5j  eq1b   400.0   600.000000     200      400     608.648570   79.909708     494.499356    5.785072     114.149175     1.627036  3.832499e-05  7.968342e+01     591.0    24.310492      24.310492
150  eq5j  eq1b   400.0   600.000000     400      600      22.022829    3.252432      13.400759    0.934734       8.622068     0.408768  1.392818e-06  3.088283e+00      22.0     5.315000       4.695700
151  eq5j  eq1b   600.0   900.000000     200      400     194.071121    7.052711     131.879151    2.281704      62.191967     0.786527  3.160930e-06  6.626910e+00     198.0    14.071247      14.071247
152  eq5j  eq1b   600.0   900.000000     400      600      55.237118    2.120961      29.464630    1.023254      25.772487     0.494144  9.004848e-07  1.790880e+00      50.0     7.071068       7.071068
153  eq5j  eq1b   600.0   900.000000     600      900       5.915683    0.288554       1.813315    0.227379       4.102368     0.177658  2.000000e-12  1.732051e-12      11.0     3.819400       3.193600
154  eq5j  eq1b   900.0  1200.000000     200      400      40.984835    0.722147      23.308725    0.510488      17.676110     0.435543  1.289853e-07  2.668345e-01      33.0     5.744563       5.744563
155  eq5j  eq1b   900.0  1200.000000     400      600      16.925863    0.411337       7.765076    0.267660       9.160786     0.312339  2.000000e-12  1.732051e-12      15.0     4.324900       3.681300
156  eq5j  eq1b   900.0  1200.000000     600      900       6.917931    0.249189       2.231703    0.144847       4.686228     0.202767  2.000000e-12  1.732051e-12       9.0     3.790500       2.665800
157  eq5j  eq1b  1200.0          inf     200      400       4.526441    0.142483       2.425058    0.076153       2.101383     0.120424  1.000000e-12  1.000000e-12       4.0     2.776400       1.664100
158  eq5j  eq1b  1200.0          inf     400      600       6.088777    0.187064       2.206433    0.068788       3.882344     0.173957  1.000000e-12  1.000000e-12       3.0     2.301200       1.896400
159  eq5j  eq1b  1200.0          inf     600      900       2.801186    0.102332       0.737924    0.050857       2.063263     0.088800  1.000000e-12  1.000000e-12       5.0     2.806400       2.249500
160  eq5j  eq1b  1200.0          inf     900      Inf       1.639725    0.060770       0.237890    0.016549       1.401834     0.058473  1.000000e-12  1.000000e-12       2.0     2.250400       1.264200
161  eq5j  eq2b   400.0   600.000000     200      400     273.943793   36.054076     252.361674    3.699118      21.582102     0.701676  1.723796e-05  3.585695e+01     284.0    16.852300      16.852300
162  eq5j  eq2b   400.0   600.000000     400      600       4.821022    0.717443       3.521437    0.380236       1.299585     0.128732  2.477477e-07  5.946201e-01      10.0     3.806000       3.223600
163  eq5j  eq2b   600.0   900.000000     200      400      67.476764    2.691355      56.302343    1.328634      11.174420     0.316819  1.093581e-06  2.318998e+00      63.0     7.937254       7.937254
164  eq5j  eq2b   600.0   900.000000     400      600      16.520371    0.776608      11.773138    0.613005       4.747233     0.210746  1.885706e-07  4.277045e-01      16.0     4.799100       3.666200
165  eq5j  eq2b   600.0   900.000000     600      900       1.337016    0.128351       0.458229    0.097142       0.878787     0.083890  2.000000e-12  1.732051e-12       0.0     1.290400       0.000000
166  eq5j  eq2b   900.0  1200.000000     200      400      10.474471    0.325042       7.488968    0.282716       2.985503     0.160387  2.000000e-12  1.732051e-12       5.0     2.806400       2.249500
167  eq5j  eq2b   900.0  1200.000000     400      600       3.517455    0.160484       2.157739    0.132376       1.359716     0.090728  2.000000e-12  1.732051e-12       5.0     2.806400       2.249500
168  eq5j  eq2b   900.0  1200.000000     600      900       1.549772    0.113462       0.570439    0.070222       0.979333     0.089121  2.000000e-12  1.732051e-12       1.0     1.750500       0.632100
169  eq5j  eq2b  1200.0          inf     200      400       0.955720    0.056513       0.625859    0.035680       0.329860     0.043825  1.000000e-12  1.000000e-12       0.0     1.290400       0.000000
170  eq5j  eq2b  1200.0          inf     400      600       1.229662    0.073930       0.512273    0.034071       0.717388     0.065611  1.000000e-12  1.000000e-12       2.0     2.250400       1.264200
171  eq5j  eq2b  1200.0          inf     600      900       0.445033    0.040018       0.134358    0.025021       0.310675     0.031232  1.000000e-12  1.000000e-12       1.0     1.750500       0.632100
172  eq5j  eq2b  1200.0          inf     900      Inf       0.251823    0.020347       0.031089    0.004417       0.220734     0.019861  1.000000e-12  1.000000e-12       1.0     1.750500       0.632100
173  eq5j  eq3b   400.0   600.000000     200      400      27.972644    3.718765      26.266152    0.542476       1.706490     0.114746  1.767133e-06  3.677195e+00      25.0     5.804900       4.666400
174  eq5j  eq3b   400.0   600.000000     400      600       0.333020    0.055316       0.269135    0.054344       0.063884     0.010325  2.000000e-12  1.732051e-12       1.0     1.750500       0.632100
175  eq5j  eq3b   600.0   900.000000     200      400       7.475750    0.366335       6.646789    0.277842       0.828961     0.046994  1.032071e-07  2.340871e-01       7.0     3.300600       2.749600
176  eq5j  eq3b   600.0   900.000000     400      600       1.544890    0.109606       1.194376    0.104788       0.350514     0.032137  2.000000e-12  1.732051e-12       3.0     2.301200       1.896400
177  eq5j  eq3b   600.0   900.000000     600      900       0.106580    0.022072       0.027764    0.009710       0.078817     0.019821  2.000000e-12  1.732051e-12       0.0     1.290400       0.000000
178  eq5j  eq3b   900.0          inf     200      400       1.056626    0.042099       0.787144    0.033449       0.269482     0.025564  1.000000e-12  1.000000e-12       0.0     1.290400       0.000000
179  eq5j  eq3b   900.0          inf     400      600       0.438283    0.023717       0.258751    0.013830       0.179533     0.019267  1.000000e-12  1.000000e-12       0.0     1.290400       0.000000
180  eq5j  eq3b   900.0          inf     600      900       0.198247    0.017907       0.072819    0.010675       0.125428     0.014378  1.000000e-12  1.000000e-12       0.0     1.290400       0.000000
181  eq5j  ge4b   400.0          inf     200      400       1.776378    0.273756       1.659029    0.053872       0.117348     0.008174  1.117776e-07  2.682788e-01       2.0     2.250400       1.264200
182  eq5j  ge4b   400.0          inf     400      600       0.142075    0.014913       0.103945    0.014267       0.038131     0.004341  1.000000e-12  1.000000e-12       1.0     1.750500       0.632100
183  ge2a  eq0b   200.0   400.000000     200      400  101411.372847  392.761839   46503.345714  184.371431   54039.225234   123.446710  8.688019e+02  3.240832e+02  116868.0   341.859620     341.859620
184  ge2a  eq0b   400.0   600.000000     200      400    2909.431810  119.897069    1347.312992   17.641410    1562.118768     9.706888  5.020795e-05  1.181942e+02    2932.0    54.147945      54.147945
185  ge2a  eq0b   400.0   600.000000     400      600    2582.239939   99.487368     783.655791   13.958186    1798.584103     9.521477  4.459753e-05  9.804207e+01    2800.0    52.915026      52.915026
186  ge2a  eq0b   600.0   900.000000     200      400      65.292824    2.057592      21.695071    1.149847      43.597752     1.068810  7.775607e-07  1.330106e+00      67.0     8.185353       8.185353
187  ge2a  eq0b   600.0   900.000000     400      600      62.959089    1.864994      17.566266    0.712062      45.392821     0.928018  7.474985e-07  1.452567e+00      73.0     8.544004       8.544004
188  ge2a  eq0b   600.0   900.000000     600      900     157.125779    3.934763      32.851641    0.779065     124.274135     1.316986  1.865466e-06  3.625047e+00     177.0    13.304135      13.304135
189  ge2a  eq0b   900.0          inf     200      400      31.777835    0.761938       6.134341    0.336523      25.643495     0.683595  1.000000e-12  1.000000e-12      28.0     5.822300       5.183100
190  ge2a  eq0b   900.0          inf     400      600      50.309553    0.858369       7.888245    0.300879      42.421308     0.803909  1.000000e-12  1.000000e-12      54.0     7.348469       7.348469
191  ge2a  eq1b   200.0   400.000000     200      400   13333.642514   57.886528    8560.481464   33.862241    4658.761795    21.556096  1.143993e+02  4.170771e+01   16307.0   127.698865     127.698865
192  ge2a  eq1b   400.0   600.000000     200      400     969.090422   39.626875     741.860170    6.415386     227.230235     2.245126  1.680572e-05  3.903961e+01    1042.0    32.280025      32.280025
193  ge2a  eq1b   400.0   600.000000     400      600     275.768532   10.784225     102.261308    2.495965     173.507220     1.693096  4.761500e-06  1.035389e+01     310.0    17.606817      17.606817
194  ge2a  eq1b   600.0   900.000000     200      400      18.645214    0.789924      11.800929    0.687614       6.844284     0.246903  1.545577e-07  3.003409e-01      12.0     4.292000       3.170900
195  ge2a  eq1b   600.0   900.000000     400      600      11.085400    0.484635       5.044231    0.370511       6.041169     0.179588  1.315435e-07  2.556187e-01      12.0     4.292000       3.170900
196  ge2a  eq1b   600.0   900.000000     600      900      16.873842    0.511471       5.025098    0.257690      11.848744     0.209179  2.002627e-07  3.891566e-01      22.0     5.315000       4.695700
197  ge2a  eq1b   900.0          inf     200      400       3.928647    0.168159       0.999730    0.113482       2.928917     0.124094  1.000000e-12  1.000000e-12       5.0     2.806400       2.249500
198  ge2a  eq1b   900.0          inf     400      600       6.322501    0.199309       1.170062    0.086751       5.152439     0.179438  1.000000e-12  1.000000e-12       7.0     3.300600       2.749600
199  ge2a  eq2b   200.0   400.000000     200      400    1856.507501   13.935041    1365.795094   10.712848     474.873270     6.850854  1.583914e+01  5.699654e+00    2200.0    46.904158      46.904158
200  ge2a  eq2b   400.0   600.000000     200      400     373.857229   15.390362     339.398575    3.978158      34.458648     0.857226  6.438181e-06  1.484260e+01     410.0    20.248457      20.248457
201  ge2a  eq2b   400.0   600.000000     400      600      23.876279    1.152211       9.696579    0.605536      14.179699     0.424275  4.134236e-07  8.836892e-01      35.0     5.916080       5.916080
202  ge2a  eq2b   600.0   900.000000     200      400       6.342651    0.380467       5.453355    0.370311       0.889296     0.087323  2.000000e-12  1.732051e-12       5.0     2.806400       2.249500
203  ge2a  eq2b   600.0   900.000000     400      600       2.154546    0.176986       1.421186    0.167752       0.733360     0.056420  2.000000e-12  1.732051e-12       3.0     2.301200       1.896400
204  ge2a  eq2b   600.0   900.000000     600      900       1.378233    0.073351       0.413300    0.044754       0.964933     0.058116  2.000000e-12  1.732051e-12       2.0     2.250400       1.264200
205  ge2a  eq2b   900.0          inf     200      400       0.597866    0.097546       0.376715    0.093554       0.221151     0.027617  1.000000e-12  1.000000e-12       1.0     1.750500       0.632100
206  ge2a  eq2b   900.0          inf     400      600       0.449110    0.042586       0.130360    0.031626       0.318750     0.028520  1.000000e-12  1.000000e-12       0.0     1.290400       0.000000
207  ge2a  eq3b   200.0   400.000000     200      400      70.731467    1.067151      62.613524    0.933525       7.519530     0.466897  5.984131e-01  2.221456e-01      92.0     9.591663       9.591663
208  ge2a  eq3b   400.0   600.000000     200      400      34.435028    1.337343      32.449295    0.583675       1.985733     0.129651  4.886221e-07  1.196244e+00      38.0     6.164414       6.164414
209  ge2a  eq3b   400.0   600.000000     400      600       0.632517    0.057177       0.381824    0.049758       0.250693     0.028165  2.000000e-12  1.732051e-12       2.0     2.250400       1.264200
210  ge2a  eq3b   600.0          inf     200      400       0.878748    0.084570       0.808606    0.080079       0.070142     0.027191  1.000000e-12  1.000000e-12       1.0     1.750500       0.632100
211  ge2a  eq3b   600.0          inf     400      600       0.156354    0.014568       0.121105    0.013599       0.035249     0.005224  1.000000e-12  1.000000e-12       0.0     1.290400       0.000000
212  ge2a  eq3b   600.0          inf     600      900       0.090192    0.020369       0.044486    0.019404       0.045706     0.006196  1.000000e-12  1.000000e-12       0.0     1.290400       0.000000
213  ge6j  eq0b   400.0   600.000000     200      400     193.733194  358.471960     115.672687    4.110812      78.060306     2.076160  2.019160e-04  3.584424e+02     164.0    12.806248      12.806248
214  ge6j  eq0b   600.0   900.000000     200      400     278.001917   12.990278     140.444063    2.538546     125.806223     1.966535  1.175163e+01  1.258713e+01     210.0    14.491377      14.491377
215  ge6j  eq0b   600.0   900.000000     400      600      68.068400    3.313005      25.563261    1.006575      39.628141     0.980840  2.876998e+00  3.000127e+00      56.0     7.483315       7.483315
216  ge6j  eq0b   900.0  1200.000000     200      400      94.427723    1.706468      46.452866    1.188636      47.816494     1.210552  1.583631e-01  1.836883e-01      64.0     8.000000       8.000000
217  ge6j  eq0b   900.0  1200.000000     400      600      40.103473    1.067106      12.651300    0.580586      27.384752     0.892060  6.742038e-02  7.658054e-02      35.0     5.916080       5.916080
218  ge6j  eq0b   900.0  1200.000000     600      900       6.089696    0.307634       1.594706    0.167966       4.484774     0.257384  1.021561e-02  1.340484e-02       6.0     3.278300       2.176900
219  ge6j  eq0b  1200.0          inf     200      400      18.260515    0.500570       8.699649    0.299537       9.469299     0.382666  9.156613e-02  1.200614e-01      12.0     4.292000       3.170900
220  ge6j  eq0b  1200.0          inf     400      600      16.812426    0.505125       5.444488    0.206310      11.283603     0.447615  8.433534e-02  1.105838e-01       9.0     3.790500       2.665800
221  ge6j  eq0b  1200.0          inf     600      900       8.591122    0.298007       1.701668    0.086227       6.846355     0.279605  4.309861e-02  5.651563e-02      11.0     3.819400       3.193600
222  ge6j  eq0b  1200.0          inf     900      Inf       2.771104    0.119321       0.485521    0.038425       2.271685     0.111485  1.389825e-02  1.822820e-02       5.0     2.806400       2.249500
223  ge6j  eq1b   400.0   600.000000     200      400     135.435424  249.519982     116.013875    2.679726      19.421409     0.653153  1.400232e-04  2.495047e+02     121.0    11.000000      11.000000
224  ge6j  eq1b   600.0   900.000000     200      400     154.280413    7.508875     117.460940    2.275383      30.249979     0.617418  6.569494e+00  7.129140e+00     148.0    12.165525      12.165525
225  ge6j  eq1b   600.0   900.000000     400      600      25.354475    1.353568      14.760990    0.678337       9.509586     0.307279  1.083899e+00  1.130302e+00      26.0     5.811000       5.200900
226  ge6j  eq1b   900.0  1200.000000     200      400      41.681576    0.632936      29.396125    0.513845      12.214953     0.360259  7.049770e-02  8.236780e-02      42.0     6.480741       6.480741
227  ge6j  eq1b   900.0  1200.000000     400      600      13.831693    0.364183       6.854995    0.241575       6.953509     0.271244  2.318963e-02  2.641795e-02      12.0     4.292000       3.170900
228  ge6j  eq1b   900.0  1200.000000     600      900       1.659755    0.102711       0.565859    0.068299       1.091086     0.076624  2.810134e-03  3.688536e-03       0.0     1.290400       0.000000
229  ge6j  eq1b  1200.0          inf     200      400       7.424609    0.175809       4.727633    0.107216       2.659434     0.130349  3.754150e-02  4.922078e-02       6.0     3.278300       2.176900
230  ge6j  eq1b  1200.0          inf     400      600       5.931286    0.169309       2.769955    0.080901       3.131362     0.143446  2.996904e-02  3.929360e-02       5.0     2.806400       2.249500
231  ge6j  eq1b  1200.0          inf     600      900       2.612383    0.093115       0.730355    0.032257       1.868819     0.085615  1.320906e-02  1.732181e-02       5.0     2.806400       2.249500
232  ge6j  eq1b  1200.0          inf     900      Inf       0.837906    0.043016       0.193384    0.017201       0.640272     0.039031  4.250389e-03  5.576062e-03       0.0     1.290400       0.000000
233  ge6j  eq2b   400.0   600.000000     200      400      69.466914  129.191654      64.537713    1.632887       4.929129     0.332404  7.234819e-05  1.291809e+02      58.0     7.615773       7.615773
234  ge6j  eq2b   600.0   900.000000     200      400      74.428533    3.707885      63.747048    1.323728       7.530526     0.321680  3.150958e+00  3.448577e+00      85.0     9.219544       9.219544
235  ge6j  eq2b   600.0   900.000000     400      600       8.493947    0.552316       6.150241    0.386664       1.986041     0.127288  3.576655e-01  3.732851e-01       8.0     3.318700       2.698800
236  ge6j  eq2b   900.0  1200.000000     200      400      17.914287    0.405964      15.124486    0.370460       2.759772     0.162207  3.002909e-02  3.542138e-02      11.0     3.819400       3.193600
237  ge6j  eq2b   900.0  1200.000000     400      600       4.575880    0.198906       3.147563    0.163286       1.420648     0.113239  7.668983e-03  8.836284e-03       3.0     2.301200       1.896400
238  ge6j  eq2b   900.0  1200.000000     600      900       0.476796    0.068110       0.231223    0.057939       0.244768     0.035790  8.044222e-04  1.060550e-03       0.0     1.290400       0.000000
239  ge6j  eq2b  1200.0          inf     200      400       2.509047    0.072693       2.033986    0.056774       0.462492     0.042301  1.256847e-02  1.648026e-02       0.0     1.290400       0.000000
240  ge6j  eq2b  1200.0          inf     400      600       1.645506    0.070286       1.031907    0.041201       0.605351     0.055907  8.249046e-03  1.081739e-02       0.0     1.290400       0.000000
241  ge6j  eq2b  1200.0          inf     600      900       0.618033    0.041642       0.213751    0.016734       0.401191     0.037915  3.091090e-03  4.056917e-03       2.0     2.250400       1.264200
242  ge6j  eq2b  1200.0          inf     900      Inf       0.192435    0.021092       0.067216    0.011807       0.124274     0.017433  9.454448e-04  1.243717e-03       0.0     1.290400       0.000000
243  ge6j  eq3b   400.0   600.000000     200      400       8.948384   17.011029       8.363106    0.300934       0.585269     0.076844  9.467204e-06  1.700819e+01      14.0     4.315200       3.699400
244  ge6j  eq3b   600.0   900.000000     200      400      11.087690    0.603430       9.791247    0.328606       0.835725     0.062293  4.607170e-01  5.022602e-01      20.0     5.300300       4.169000
245  ge6j  eq3b   600.0   900.000000     400      600       1.123802    0.110202       0.884412    0.095181       0.193375     0.027640  4.601500e-02  4.817754e-02       3.0     2.301200       1.896400
246  ge6j  eq3b   900.0  1200.000000     200      400       2.980589    0.122117       2.655057    0.115832       0.320613     0.038232  4.919936e-03  5.815820e-03       4.0     2.776400       1.664100
247  ge6j  eq3b   900.0  1200.000000     400      600       0.658083    0.066634       0.488001    0.062703       0.168945     0.022509  1.136895e-03  1.326391e-03       0.0     1.290400       0.000000
248  ge6j  eq3b   900.0  1200.000000     600      900       0.084853    0.022158       0.059298    0.021100       0.025419     0.006762  1.361914e-04  1.830646e-04       0.0     1.290400       0.000000
249  ge6j  eq3b  1200.0          inf     200      400       0.398557    0.014510       0.355430    0.013503       0.041167     0.004647  1.960455e-03  2.570904e-03       1.0     1.750500       0.632100
250  ge6j  eq3b  1200.0          inf     400      600       0.248111    0.012585       0.185617    0.009151       0.061283     0.008493  1.210756e-03  1.588090e-03       0.0     1.290400       0.000000
251  ge6j  eq3b  1200.0          inf     600      900       0.085515    0.010656       0.037695    0.007050       0.047404     0.007972  4.158893e-04  5.478477e-04       1.0     1.750500       0.632100
252  ge6j  eq3b  1200.0          inf     900      Inf       0.023879    0.004061       0.008395    0.001585       0.015362     0.003735  1.224001e-04  1.624787e-04       0.0     1.290400       0.000000
253  ge6j  ge4b   400.0   600.000000     200      400       2.457582    4.951920       2.272759    0.077388       0.184821     0.015517  2.536519e-06  4.951291e+00       4.0     2.776400       1.664100